0.025 0.0235356 1.34358e-05
0.075 0.0235649 1.36303e-05
0.125 0.0235914 1.38042e-05
0.175 0.0236114 1.39872e-05
0.225 0.0236305 1.38894e-05
0.275 0.0236456 1.35977e-05
0.325 0.0236555 1.34021e-05
0.375 0.023668 1.32373e-05
0.425 0.0236757 1.37457e-05
0.475 0.0236793 1.40404e-05
0.525 0.0236872 1.38177e-05
0.575 0.0236982 1.35548e-05
0.625 0.0236997 1.39469e-05
0.675 0.0237068 1.42097e-05
0.725 0.0237093 1.41965e-05
0.775 0.0237135 1.42365e-05
0.825 0.0237156 1.4494e-05
0.875 0.0237141 1.41545e-05
0.925 0.0237132 1.46703e-05
0.975 0.0237002 1.41964e-05
1.025 0.0236933 1.46494e-05
1.075 0.0236924 1.47625e-05
1.125 0.0236866 1.45118e-05
1.175 0.0236844 1.48373e-05
1.225 0.0236743 1.46603e-05
1.275 0.0236701 1.43709e-05
1.325 0.0236687 1.42883e-05
1.375 0.0236601 1.44526e-05
1.425 0.023648 1.42563e-05
1.475 0.0236395 1.40879e-05
1.525 0.0236377 1.38464e-05
1.575 0.0236216 1.41292e-05
1.625 0.0236116 1.37709e-05
1.675 0.0236066 1.37564e-05
1.725 0.023599 1.39369e-05
1.775 0.0235862 1.36993e-05
1.825 0.0235774 1.39005e-05
1.875 0.0235629 1.40392e-05
1.925 0.0235539 1.38176e-05
1.975 0.0235435 1.35664e-05
2.025 0.0235325 1.37112e-05
2.075 0.0235197 1.36189e-05
2.125 0.0235029 1.40437e-05
2.175 0.023493 1.42915e-05
2.225 0.0234864 1.39533e-05
2.275 0.0234729 1.40333e-05
2.325 0.0234583 1.36513e-05
2.375 0.0234469 1.37402e-05
2.425 0.0234327 1.36612e-05
2.475 0.0234148 1.43332e-05
2.525 0.0233973 1.44864e-05
2.575 0.0233889 1.36485e-05
2.625 0.0233777 1.38425e-05
2.675 0.0233683 1.43014e-05
2.725 0.0233574 1.41528e-05
2.775 0.0233472 1.42611e-05
2.825 0.0233241 1.41842e-05
2.875 0.0233122 1.46072e-05
2.925 0.0232974 1.41022e-05
2.975 0.0232786 1.44705e-05
3.025 0.0232584 1.375e-05
3.075 0.0232378 1.40134e-05
3.125 0.0232203 1.4225e-05
3.175 0.023207 1.44561e-05
3.225 0.023197 1.44058e-05
3.275 0.0231818 1.39352e-05
3.325 0.0231647 1.39099e-05
3.375 0.0231477 1.32392e-05
3.425 0.0231324 1.34327e-05
3.475 0.0231132 1.42747e-05
3.525 0.0230907 1.39127e-05
3.575 0.0230728 1.40282e-05
3.625 0.0230519 1.37498e-05
3.675 0.0230351 1.3189e-05
3.725 0.0230163 1.31251e-05
3.775 0.0229952 1.28576e-05
3.825 0.0229767 1.29815e-05
3.875 0.022962 1.3224e-05
3.925 0.0229474 1.35466e-05
3.975 0.0229197 1.37141e-05
4.025 0.0228937 1.41751e-05
4.075 0.0228695 1.3549e-05
4.125 0.0228535 1.38737e-05
4.175 0.0228317 1.37956e-05
4.225 0.0228135 1.37511e-05
4.275 0.0227876 1.41402e-05
4.325 0.022767 1.32458e-05
4.375 0.0227456 1.3926e-05
4.425 0.0227191 1.39047e-05
4.475 0.0226861 1.42172e-05
4.525 0.0226675 1.39138e-05
4.575 0.0226429 1.45625e-05
4.625 0.0226162 1.40234e-05
4.675 0.022587 1.37194e-05
4.725 0.0225581 1.29478e-05
4.775 0.0225276 1.33355e-05
4.825 0.0225008 1.32002e-05
4.875 0.0224728 1.249e-05
4.925 0.0224422 1.27278e-05
4.975 0.0224125 1.35879e-05
5.025 0.0223685 1.31596e-05
5.075 0.022336 1.33631e-05
5.125 0.022298 1.275e-05
5.175 0.0222543 1.29511e-05
5.225 0.0221962 1.32232e-05
5.275 0.0221228 1.34354e-05
5.325 0.0220298 1.31177e-05
5.375 0.0219107 1.30618e-05
5.425 0.0217739 1.28399e-05
5.475 0.021619 1.31406e-05
5.525 0.0214581 1.28502e-05
5.575 0.021303 1.31265e-05
5.625 0.021145 1.30086e-05
5.675 0.0209914 1.23961e-05
5.725 0.0208397 1.24617e-05
5.775 0.0206856 1.2308e-05
5.825 0.0205263 1.26383e-05
5.875 0.0203571 1.2749e-05
5.925 0.0201916 1.2357e-05
5.975 0.0200328 1.19982e-05
6.025 0.0198772 1.19997e-05
6.075 0.0197224 1.18151e-05
6.125 0.0195645 1.15131e-05
6.175 0.0194046 1.16843e-05
6.225 0.0192317 1.22466e-05
6.275 0.0190472 1.18698e-05
6.325 0.0188672 1.15122e-05
6.375 0.0186859 1.18295e-05
6.425 0.018503 1.20631e-05
6.475 0.0183277 1.17305e-05
6.525 0.0181571 1.17194e-05
6.575 0.0179819 1.22252e-05
6.625 0.0177929 1.17997e-05
6.675 0.0175994 1.10768e-05
6.725 0.0173885 1.10442e-05
6.775 0.0171823 1.09202e-05
6.825 0.0169746 1.08353e-05
6.875 0.016775 1.14258e-05
6.925 0.016577 1.15603e-05
6.975 0.0163762 1.13237e-05
7.025 0.0161636 1.10135e-05
7.075 0.0159361 1.12811e-05
7.125 0.0156955 1.13842e-05
7.175 0.015451 1.136e-05
7.225 0.0151974 1.12925e-05
7.275 0.0149564 1.06481e-05
7.325 0.0147203 1.07515e-05
7.375 0.0144826 1.11023e-05
7.425 0.0142333 1.05585e-05
7.475 0.0139709 1.01096e-05
7.525 0.0136959 1.03192e-05
7.575 0.0134038 1.01464e-05
7.625 0.0131065 9.75553e-06
7.675 0.0128091 9.85306e-06
7.725 0.0125187 1.03276e-05
7.775 0.0122264 1.04464e-05
7.825 0.0119288 1.05186e-05
7.875 0.0116236 1.05554e-05
7.925 0.0112979 1.00648e-05
7.975 0.0109428 9.85652e-06
8.025 0.0105641 9.82511e-06
8.075 0.0101656 9.43197e-06
8.125 0.00974496 9.19375e-06
8.175 0.00930158 9.27487e-06
8.225 0.00883773 9.304e-06
8.275 0.00830819 8.7096e-06
8.325 0.00771405 8.45765e-06
8.375 0.00702619 8.03439e-06
8.425 0.00624689 7.59873e-06
8.475 0.00541638 7.05317e-06
8.525 0.00455378 6.32738e-06
8.575 0.00371463 5.48384e-06
8.625 0.00295056 5.25552e-06
8.675 0.0022977 4.33717e-06
8.725 0.00177137 4.13458e-06
8.775 0.00138209 3.78855e-06
8.825 0.0011078 3.79654e-06
8.875 0.000926626 3.90377e-06
8.925 0.000812827 3.47263e-06
8.975 0.000745118 3.56278e-06
9.025 0.000706103 3.34727e-06
9.075 0.000683321 3.02879e-06
9.125 0.000670702 3.13461e-06
9.175 0.000661877 3.60767e-06
9.225 0.000654641 3.45411e-06
9.275 0.000646416 3.35729e-06
9.325 0.000641016 3.18244e-06
9.375 0.000637179 3.14186e-06
9.425 0.000630082 3.11175e-06
9.475 0.000625302 3.15331e-06
9.525 0.000622049 3.29808e-06
9.575 0.000614661 2.96797e-06
9.625 0.000607169 3.0996e-06
9.675 0.000602123 2.8647e-06
9.725 0.000596657 2.78797e-06
9.775 0.000593459 2.81434e-06
9.825 0.00058767 2.82665e-06
9.875 0.000582072 2.96187e-06
9.925 0.00057294 2.94181e-06
9.975 0.000568611 2.98118e-06
