0.025 0.112654 6.91074e-05
0.075 0.11304 6.75184e-05
0.125 0.113763 7.45763e-05
0.175 0.114341 7.48456e-05
0.225 0.114753 6.91912e-05
0.275 0.115423 7.08973e-05
0.325 0.115714 7.10495e-05
0.375 0.116222 7.21279e-05
0.425 0.116721 7.52372e-05
0.475 0.117053 7.65892e-05
0.525 0.117619 7.17527e-05
0.575 0.117939 6.79244e-05
0.625 0.118377 7.27333e-05
0.675 0.118862 7.74417e-05
0.725 0.119163 8.04804e-05
0.775 0.119695 7.9137e-05
0.825 0.12002 7.87971e-05
0.875 0.120426 8.18786e-05
0.925 0.120749 8.79317e-05
0.975 0.121433 8.25774e-05
1.025 0.121445 8.75469e-05
1.075 0.121933 8.15754e-05
1.125 0.122337 8.27004e-05
1.175 0.12251 7.91853e-05
1.225 0.122979 8.15482e-05
1.275 0.123214 7.96919e-05
1.325 0.123526 7.9752e-05
1.375 0.124007 8.47483e-05
1.425 0.124262 8.48553e-05
1.475 0.124628 7.89273e-05
1.525 0.125042 7.73369e-05
1.575 0.125352 8.07502e-05
1.625 0.1258 8.39786e-05
1.675 0.12611 8.27248e-05
1.725 0.126553 8.27818e-05
1.775 0.126943 8.03968e-05
1.825 0.127282 7.96954e-05
1.875 0.127674 8.48852e-05
1.925 0.127991 8.25081e-05
1.975 0.128471 7.94999e-05
2.025 0.128811 7.55939e-05
2.075 0.129176 7.72179e-05
2.125 0.129617 8.14251e-05
2.175 0.129952 8.42512e-05
2.225 0.130468 7.65076e-05
2.275 0.130837 7.84848e-05
2.325 0.131282 8.61561e-05
2.375 0.131659 8.73989e-05
2.425 0.132051 8.72746e-05
2.475 0.132459 9.02319e-05
2.525 0.132868 8.99635e-05
2.575 0.133311 8.59657e-05
2.625 0.133807 8.646e-05
2.675 0.134291 8.88597e-05
2.725 0.134784 9.02586e-05
2.775 0.135294 9.05792e-05
2.825 0.135746 9.23849e-05
2.875 0.136223 8.95916e-05
2.925 0.136731 9.1624e-05
2.975 0.137211 9.46565e-05
3.025 0.137727 9.09285e-05
3.075 0.138195 8.64866e-05
3.125 0.138745 9.22427e-05
3.175 0.139271 8.43695e-05
3.225 0.139858 9.50451e-05
3.275 0.140455 9.36726e-05
3.325 0.141015 8.75409e-05
3.375 0.141588 8.59787e-05
3.425 0.142186 8.8983e-05
3.475 0.142785 8.995e-05
3.525 0.143398 9.30328e-05
3.575 0.144046 9.54041e-05
3.625 0.144671 9.47413e-05
3.675 0.145363 9.23276e-05
3.725 0.146003 8.71811e-05
3.775 0.146698 9.27032e-05
3.825 0.147437 9.1462e-05
3.875 0.148245 9.38154e-05
3.925 0.149005 9.4481e-05
3.975 0.149772 9.54e-05
4.025 0.150529 8.98709e-05
4.075 0.151326 8.99452e-05
4.125 0.152235 8.92784e-05
4.175 0.15304 9.58817e-05
4.225 0.153961 9.94868e-05
4.275 0.154897 0.000105738
4.325 0.155855 0.000102843
4.375 0.156886 0.000100447
4.425 0.157936 0.000100761
4.475 0.158975 0.000103295
4.525 0.160109 0.00010627
4.575 0.161265 0.000109215
4.625 0.162563 0.000107394
4.675 0.163789 0.000109281
4.725 0.165131 0.000105355
4.775 0.166538 0.000106401
4.825 0.168021 0.000108934
4.875 0.16966 0.000110195
4.925 0.171413 0.000110912
4.975 0.173298 0.000114697
5.025 0.175318 0.000115886
5.075 0.177552 0.000121738
5.125 0.18001 0.000123834
5.175 0.182649 0.000125608
5.225 0.185381 0.000125026
5.275 0.18799 0.000135133
5.325 0.190218 0.000133752
5.375 0.191795 0.00013267
5.425 0.192496 0.000135132
5.475 0.192445 0.000147216
5.525 0.191883 0.000147103
5.575 0.191218 0.00014775
5.625 0.190654 0.000137155
5.675 0.19051 0.000130837
5.725 0.19074 0.000128753
5.775 0.190946 0.000126731
5.825 0.19091 0.000133376
5.875 0.190578 0.000134778
5.925 0.190127 0.000138136
5.975 0.189769 0.000138707
6.025 0.189668 0.000133466
6.075 0.189995 0.000136326
6.125 0.19046 0.000141933
6.175 0.19098 0.000145024
6.225 0.191097 0.000144712
6.275 0.190837 0.00013469
6.325 0.190413 0.000119619
6.375 0.189808 0.000126679
6.425 0.189452 0.000129916
6.475 0.189563 0.000134504
6.525 0.189989 0.000143009
6.575 0.190521 0.000145722
6.625 0.190907 0.000143011
6.675 0.190948 0.000142208
6.725 0.190482 0.00013622
6.775 0.189915 0.00013102
6.825 0.189568 0.000134301
6.875 0.189556 0.000144506
6.925 0.18984 0.000148154
6.975 0.190454 0.00015488
7.025 0.190818 0.000152961
7.075 0.190829 0.000154718
7.125 0.190338 0.000160619
7.175 0.189486 0.000158927
7.225 0.188627 0.000162617
7.275 0.187856 0.000155467
7.325 0.187745 0.000158948
7.375 0.188049 0.000164785
7.425 0.188399 0.000153789
7.475 0.188543 0.000141109
7.525 0.18819 0.00015102
7.575 0.18728 0.000149488
7.625 0.186115 0.000151555
7.675 0.184942 0.000147111
7.725 0.184052 0.000151294
7.775 0.183929 0.000164455
7.825 0.184214 0.000172965
7.875 0.184738 0.000187732
7.925 0.185165 0.000184005
7.975 0.18517 0.000176842
8.025 0.184711 0.000179283
8.075 0.183858 0.00018193
8.125 0.182841 0.000182001
8.175 0.181859 0.000199098
8.225 0.181241 0.000216947
8.275 0.179761 0.000221029
8.325 0.17664 0.000215431
8.375 0.170334 0.000198013
8.425 0.159646 0.00020692
8.475 0.144575 0.000203937
8.525 0.125643 0.000193472
8.575 0.103828 0.000165262
8.625 0.0816293 0.000143079
8.675 0.0606553 0.000133799
8.725 0.0425174 0.000117696
8.775 0.0282057 8.35924e-05
8.825 0.0176533 6.51752e-05
8.875 0.010323 5.66133e-05
8.925 0.00574337 4.1374e-05
8.975 0.00297347 3.03617e-05
9.025 0.00153932 2.3623e-05
9.075 0.000753025 1.50012e-05
9.125 0.000357287 9.86584e-06
9.175 0.000200354 6.99854e-06
9.225 0.00012968 5.0423e-06
9.275 9.82867e-05 4.83487e-06
9.325 8.35638e-05 4.1684e-06
9.375 8.16992e-05 4.67397e-06
9.425 8.11314e-05 4.38127e-06
9.475 8.18786e-05 4.8786e-06
9.525 7.86642e-05 4.22993e-06
9.575 7.59172e-05 4.16235e-06
9.625 8.46057e-05 4.25502e-06
9.675 8.07082e-05 4.34786e-06
9.725 7.94992e-05 4.50482e-06
9.775 7.9354e-05 4.88928e-06
9.825 7.55719e-05 5.21672e-06
9.875 7.37091e-05 4.5291e-06
9.925 7.20873e-05 4.60539e-06
9.975 7.22894e-05 4.7025e-06
