0.025 41.2717 0.0118909
0.075 41.4104 0.0122342
0.125 41.6708 0.0139177
0.175 41.9033 0.0146522
0.225 42.0459 0.0139792
0.275 42.3022 0.0153283
0.325 42.4279 0.0158259
0.375 42.6209 0.0148247
0.425 42.8087 0.0145274
0.475 42.9622 0.0150879
0.525 43.1897 0.0129965
0.575 43.3394 0.016051
0.625 43.5156 0.0166153
0.675 43.7144 0.0169142
0.725 43.8623 0.017385
0.775 44.0604 0.015737
0.825 44.2165 0.0148161
0.875 44.3921 0.0160226
0.925 44.5249 0.0174962
0.975 44.7941 0.017212
1.025 44.8242 0.0179178
1.075 45.0241 0.0169719
1.125 45.2021 0.0157502
1.175 45.2903 0.0147658
1.225 45.5115 0.0171217
1.275 45.6191 0.0177868
1.325 45.7706 0.0143808
1.375 45.9726 0.0134617
1.425 46.1143 0.0160477
1.475 46.2834 0.0164839
1.525 46.4646 0.0135428
1.575 46.6183 0.015749
1.625 46.8089 0.0163134
1.675 46.9631 0.0153565
1.725 47.1744 0.0165611
1.775 47.3418 0.0145668
1.825 47.5029 0.0160202
1.875 47.6985 0.0145017
1.925 47.8752 0.0173332
1.975 48.0766 0.0158059
2.025 48.2503 0.0147419
2.075 48.4283 0.016225
2.125 48.6491 0.0159899
2.175 48.8123 0.0171768
2.225 49.0318 0.0135823
2.275 49.2276 0.0163273
2.325 49.4368 0.0137839
2.375 49.626 0.0172566
2.425 49.8209 0.0154938
2.475 50.0173 0.0153408
2.525 50.2338 0.015891
2.575 50.4346 0.0162779
2.625 50.6754 0.0145193
2.675 50.9035 0.0163719
2.725 51.1361 0.0155693
2.775 51.3703 0.013623
2.825 51.5976 0.0166884
2.875 51.8308 0.0156506
2.925 52.0696 0.0164154
2.975 52.3225 0.0173575
3.025 52.5668 0.0158016
3.075 52.8123 0.0158042
3.125 53.0601 0.014265
3.175 53.3224 0.0167312
3.225 53.5949 0.0164198
3.275 53.871 0.0163521
3.325 54.1441 0.0168138
3.375 54.4304 0.0157162
3.425 54.7216 0.0170259
3.475 54.999 0.0157923
3.525 55.2972 0.0157651
3.575 55.6011 0.0156305
3.625 55.9106 0.0138416
3.675 56.2411 0.0164596
3.725 56.5412 0.0168673
3.775 56.8667 0.0165985
3.825 57.2264 0.0159717
3.875 57.6009 0.0161421
3.925 57.9753 0.0168597
3.975 58.3385 0.0170146
4.025 58.7057 0.0168949
4.075 59.093 0.0166482
4.125 59.498 0.0151595
4.175 59.8907 0.0155139
4.225 60.3108 0.0163536
4.275 60.7631 0.0162544
4.325 61.2009 0.0177417
4.375 61.6876 0.017723
4.425 62.1846 0.0198418
4.475 62.6564 0.0182994
4.525 63.1728 0.0176296
4.575 63.7091 0.0183358
4.625 64.3114 0.016054
4.675 64.8783 0.0198831
4.725 65.4924 0.0167682
4.775 66.1248 0.0175884
4.825 66.8111 0.0175517
4.875 67.5523 0.0206037
4.925 68.3616 0.0205973
4.975 69.2164 0.0192608
5.025 70.1258 0.0195979
5.075 71.1101 0.0219309
5.125 72.2249 0.0234812
5.175 73.4426 0.0238643
5.225 74.734 0.0243642
5.275 76.0472 0.0261644
5.325 77.2811 0.0254327
5.375 78.3463 0.0263102
5.425 79.1541 0.0268436
5.475 79.7381 0.030116
5.525 80.1343 0.029598
5.575 80.4713 0.0328663
5.625 80.8697 0.0335044
5.675 81.4085 0.0298707
5.725 82.1145 0.0316797
5.775 82.8055 0.0302135
5.825 83.4603 0.0300853
5.875 84.0323 0.0288862
5.925 84.5473 0.0337683
5.975 85.0722 0.0343903
6.025 85.7146 0.0343088
6.075 86.5473 0.0342787
6.125 87.488 0.036873
6.175 88.4776 0.0405511
6.225 89.3653 0.036385
6.275 90.0973 0.0361181
6.325 90.8122 0.0361379
6.375 91.4392 0.034561
6.425 92.1997 0.0284525
6.475 93.1251 0.0350219
6.525 94.2751 0.03616
6.575 95.5049 0.0350048
6.625 96.7035 0.0367699
6.675 97.8598 0.037583
6.725 98.8066 0.0350653
6.775 99.7585 0.039433
6.825 100.802 0.0377498
6.875 102.025 0.0403311
6.925 103.457 0.039197
6.975 105.138 0.0450772
7.025 106.773 0.0408562
7.075 108.362 0.0430495
7.125 109.822 0.0409725
7.175 111.156 0.0383268
7.225 112.497 0.0398631
7.275 113.945 0.0458424
7.325 115.778 0.0470162
7.375 117.938 0.0494552
7.425 120.312 0.051674
7.475 122.744 0.0475062
7.525 125.134 0.0529959
7.575 127.343 0.0537787
7.625 129.548 0.0512986
7.675 131.868 0.052833
7.725 134.5 0.0516731
7.775 137.739 0.0539085
7.825 141.549 0.0523368
7.875 145.874 0.0608774
7.925 150.671 0.0560263
7.975 155.781 0.0657948
8.025 161.295 0.068231
8.075 167.253 0.0666316
8.125 173.993 0.0721005
8.175 181.909 0.0753074
8.225 191.692 0.0905818
8.275 203.234 0.110116
8.325 216.662 0.11888
8.375 231.556 0.108336
8.425 247.269 0.118904
8.475 263.6 0.148301
8.525 280.392 0.178105
8.575 296.593 0.218709
8.625 312.644 0.193999
8.675 327.917 0.255194
8.725 342.223 0.337192
8.775 355.717 0.43441
8.825 369.312 0.656797
8.875 380.15 0.816287
8.925 390.257 1.21965
8.975 390.799 1.60244
9.025 391.602 2.49503
9.075 379.283 3.62701
9.125 335.612 4.79516
9.175 292.288 7.14188
9.225 268.328 9.89128
9.275 213.569 7.66932
9.325 224.335 9.47675
9.375 193.478 7.09634
9.425 198.335 8.52004
9.475 236.102 33.9376
9.525 223.239 25.0092
9.575 188.536 7.52319
9.625 212.235 9.3298
9.675 211.794 8.69972
9.725 204.418 9.61059
9.775 278.873 49.0574
9.825 196.898 8.90765
9.875 245.162 49.4179
9.925 284.416 62.5293
9.975 193.029 8.1203
