0.025 0.169319 0.000117153
0.075 0.170123 0.000105339
0.125 0.171353 0.000119622
0.175 0.172123 0.000130307
0.225 0.17272 0.000127113
0.275 0.173865 0.000130054
0.325 0.17424 0.000115593
0.375 0.175051 0.000129258
0.425 0.1758 0.00012736
0.475 0.176498 0.000125867
0.525 0.177266 0.000139215
0.575 0.177858 0.00013535
0.625 0.17861 0.000121704
0.675 0.179156 0.000126678
0.725 0.179482 0.000147789
0.775 0.180266 0.000136662
0.825 0.181015 0.000144558
0.875 0.181504 0.000136464
0.925 0.182061 0.000137554
0.975 0.186944 0.000136195
1.025 0.187023 0.000139322
1.075 0.187854 0.000145738
1.125 0.188294 0.000153642
1.175 0.188492 0.000135836
1.225 0.18932 0.000155938
1.275 0.189733 0.00015292
1.325 0.190245 0.000136673
1.375 0.190976 0.000143234
1.425 0.191411 0.000133568
1.475 0.19204 0.000148952
1.525 0.192476 0.000138416
1.575 0.193165 0.00016583
1.625 0.193714 0.00015719
1.675 0.19417 0.000156013
1.725 0.194874 0.000172578
1.775 0.195655 0.000154708
1.825 0.196026 0.000149346
1.875 0.196853 0.000139906
1.925 0.197472 0.000148776
1.975 0.198118 0.000148866
2.025 0.19872 0.000151981
2.075 0.199206 0.000149753
2.125 0.199716 0.00015012
2.175 0.200388 0.000142609
2.225 0.20116 0.000155036
2.275 0.201882 0.000146901
2.325 0.20271 0.000147522
2.375 0.203064 0.00013408
2.425 0.203813 0.000135947
2.475 0.204604 0.000140802
2.525 0.205313 0.000142707
2.575 0.205994 0.000146124
2.625 0.20666 0.000155018
2.675 0.207656 0.000150159
2.725 0.208356 0.000151275
2.775 0.208913 0.000151145
2.825 0.209712 0.000157579
2.875 0.210562 0.00013822
2.925 0.211291 0.000146844
2.975 0.212175 0.000158014
3.025 0.213022 0.000163915
3.075 0.213996 0.000166929
3.125 0.214682 0.000159875
3.175 0.215601 0.000146068
3.225 0.216339 0.000155811
3.275 0.217264 0.000155272
3.325 0.218124 0.000140081
3.375 0.219159 0.000152776
3.425 0.220117 0.000146276
3.475 0.221031 0.000159174
3.525 0.222037 0.000152577
3.575 0.223045 0.000165332
3.625 0.224008 0.000154354
3.675 0.225172 0.000156125
3.725 0.226288 0.000163907
3.775 0.227439 0.000165083
3.825 0.228512 0.000160082
3.875 0.229807 0.000166564
3.925 0.230967 0.000173114
3.975 0.232273 0.00016615
4.025 0.23352 0.000168142
4.075 0.234851 0.000179813
4.125 0.236073 0.000165023
4.175 0.237514 0.000170149
4.225 0.239023 0.000172222
4.275 0.240441 0.000165658
4.325 0.24202 0.000171955
4.375 0.243685 0.000177808
4.425 0.245271 0.000166058
4.475 0.246966 0.000184383
4.525 0.248639 0.000179531
4.575 0.250618 0.000196785
4.625 0.252565 0.00017289
4.675 0.254753 0.000187285
4.725 0.257071 0.00018848
4.775 0.259259 0.000197513
4.825 0.26182 0.000198694
4.875 0.264444 0.000201983
4.925 0.267098 0.000193336
4.975 0.270132 0.000189913
5.025 0.273479 0.000192896
5.075 0.277054 0.000202607
5.125 0.281032 0.000207039
5.175 0.28561 0.000221266
5.225 0.290446 0.000211341
5.275 0.295309 0.000211548
5.325 0.299998 0.000246163
5.375 0.303813 0.000238063
5.425 0.30605 0.000230932
5.475 0.306986 0.000230502
5.525 0.306647 0.000249493
5.575 0.305654 0.000246806
5.625 0.304661 0.000249278
5.675 0.30405 0.00024052
5.725 0.304292 0.000250662
5.775 0.304705 0.000231939
5.825 0.305367 0.00022486
5.875 0.305463 0.000243856
5.925 0.304847 0.000252215
5.975 0.3043 0.000242774
6.025 0.303837 0.000247465
6.075 0.303755 0.000227823
6.125 0.304315 0.000219299
6.175 0.305455 0.000233325
6.225 0.306517 0.000215102
6.275 0.30697 0.000221804
6.325 0.306396 0.000222894
6.375 0.305489 0.000225893
6.425 0.304912 0.000227681
6.475 0.304586 0.000225113
6.525 0.305271 0.000246307
6.575 0.306058 0.000230994
6.625 0.307188 0.000230358
6.675 0.307933 0.000251287
6.725 0.307887 0.000247777
6.775 0.30737 0.0002418
6.825 0.306572 0.000236049
6.875 0.30645 0.000236742
6.925 0.30686 0.000243542
6.975 0.307809 0.000256403
7.025 0.309136 0.000249348
7.075 0.310012 0.000258102
7.125 0.310156 0.0002645
7.175 0.309773 0.000273994
7.225 0.308203 0.0002774
7.275 0.306871 0.000299125
7.325 0.306169 0.000266198
7.375 0.306386 0.000276563
7.425 0.307133 0.000268193
7.475 0.308186 0.000273512
7.525 0.308953 0.000302708
7.575 0.308543 0.000302933
7.625 0.307182 0.000289341
7.675 0.305378 0.000291145
7.725 0.303722 0.000309943
7.775 0.302709 0.000278847
7.825 0.302896 0.000274389
7.875 0.304274 0.00030182
7.925 0.306036 0.000276874
7.975 0.307578 0.0002697
8.025 0.308403 0.000309817
8.075 0.308075 0.000312217
8.125 0.307569 0.000332666
8.175 0.307112 0.000354004
8.225 0.307257 0.000366891
8.275 0.307537 0.000396014
8.325 0.306744 0.000352976
8.375 0.303426 0.000347298
8.425 0.294724 0.000352891
8.475 0.278089 0.000334568
8.525 0.253005 0.000341961
8.575 0.221076 0.000327435
8.625 0.183808 0.000314266
8.675 0.144948 0.000263145
8.725 0.108522 0.000228739
8.775 0.0768074 0.000189504
8.825 0.0512024 0.000168268
8.875 0.0320738 0.000130428
8.925 0.0189682 9.72346e-05
8.975 0.010638 7.76124e-05
9.025 0.00577575 5.00511e-05
9.075 0.00293274 3.65481e-05
9.125 0.00148722 2.84037e-05
9.175 0.000785852 2.28598e-05
9.225 0.000459953 1.5168e-05
9.275 0.00030981 1.14579e-05
9.325 0.000277911 1.31817e-05
9.375 0.000260088 1.31603e-05
9.425 0.00023964 1.21774e-05
9.475 0.000226705 1.15912e-05
9.525 0.000247593 1.1369e-05
9.575 0.000238054 1.28488e-05
9.625 0.000236692 1.20092e-05
9.675 0.000226758 1.09988e-05
9.725 0.000234785 1.4019e-05
9.775 0.000231461 1.3705e-05
9.825 0.000219728 1.21862e-05
9.875 0.000226025 1.18135e-05
9.925 0.000243823 1.37663e-05
9.975 0.000234737 1.29552e-05
