0.025 0.172831 0.000105079
0.075 0.173674 0.000117345
0.125 0.174883 0.00010917
0.175 0.175852 0.000102852
0.225 0.176537 0.00011364
0.275 0.177619 0.000118743
0.325 0.178198 0.000123734
0.375 0.178762 0.000117713
0.425 0.179604 0.000119105
0.475 0.180085 0.000123593
0.525 0.180897 0.000120496
0.575 0.181423 0.000130615
0.625 0.182045 0.000139515
0.675 0.182802 0.000131884
0.725 0.183375 0.000122531
0.775 0.184074 0.000119199
0.825 0.184651 0.000114998
0.875 0.18538 0.000134675
0.925 0.1858 0.000123753
0.975 0.186647 0.000133676
1.025 0.186568 0.000119164
1.075 0.187214 0.000135119
1.125 0.187831 0.000125551
1.175 0.188195 0.000126018
1.225 0.189081 0.000139058
1.275 0.189567 0.00012765
1.325 0.18989 0.000126552
1.375 0.190723 0.000130856
1.425 0.191145 0.000131991
1.475 0.191971 0.000132738
1.525 0.192626 0.000129385
1.575 0.192858 0.000131099
1.625 0.193503 0.000142021
1.675 0.193965 0.00013592
1.725 0.194729 0.000123295
1.775 0.195385 0.000135442
1.825 0.1959 0.000131465
1.875 0.196586 0.000129102
1.925 0.196936 0.000117992
1.975 0.197674 0.000124686
2.025 0.198357 0.000133126
2.075 0.199021 0.000120251
2.125 0.199598 0.000131386
2.175 0.200162 0.000131877
2.225 0.200977 0.000146017
2.275 0.201582 0.000127295
2.325 0.202192 0.000140961
2.375 0.202943 0.000130596
2.425 0.203672 0.000120305
2.475 0.204165 0.000142834
2.525 0.204894 0.000141184
2.575 0.205748 0.000142307
2.625 0.206393 0.000135172
2.675 0.207132 0.000139744
2.725 0.207942 0.00014182
2.775 0.208684 0.000144325
2.825 0.209541 0.000147388
2.875 0.210225 0.000149065
2.925 0.211051 0.0001459
2.975 0.212007 0.000152599
3.025 0.21274 0.000149263
3.075 0.213641 0.000141147
3.125 0.214426 0.00015275
3.175 0.215318 0.000155887
3.225 0.216258 0.000141068
3.275 0.217028 0.000152277
3.325 0.217888 0.000150573
3.375 0.218976 0.000146767
3.425 0.219796 0.000142691
3.475 0.220843 0.000153361
3.525 0.22198 0.000156306
3.575 0.222864 0.000153984
3.625 0.224024 0.000154478
3.675 0.225104 0.000160699
3.725 0.226146 0.000166524
3.775 0.227307 0.000150764
3.825 0.228557 0.000156872
3.875 0.229703 0.000149323
3.925 0.230891 0.000145122
3.975 0.232155 0.000147133
4.025 0.233481 0.000146968
4.075 0.234708 0.000142816
4.125 0.236113 0.000144447
4.175 0.237437 0.000147465
4.225 0.238843 0.000144209
4.275 0.240382 0.000162283
4.325 0.242008 0.00015049
4.375 0.243578 0.000153305
4.425 0.245388 0.000150282
4.475 0.246805 0.000159172
4.525 0.248646 0.000160367
4.575 0.250714 0.000162053
4.625 0.252648 0.000167465
4.675 0.254643 0.000170683
4.725 0.256849 0.000152882
4.775 0.258902 0.000166377
4.825 0.261488 0.000176361
4.875 0.264042 0.000163441
4.925 0.266929 0.000166578
4.975 0.269741 0.00016932
5.025 0.273053 0.000169852
5.075 0.276821 0.000185856
5.125 0.280794 0.000191386
5.175 0.285224 0.00018885
5.225 0.290197 0.000199051
5.275 0.295093 0.00020601
5.325 0.299599 0.000211882
5.375 0.303185 0.000213599
5.425 0.305668 0.000218571
5.475 0.306796 0.000210553
5.525 0.306677 0.000219146
5.575 0.305475 0.000211094
5.625 0.304466 0.000220433
5.675 0.303918 0.000191909
5.725 0.304173 0.000197408
5.775 0.304655 0.000195397
5.825 0.305084 0.000231102
5.875 0.305278 0.000235955
5.925 0.305009 0.0002371
5.975 0.304101 0.000220093
6.025 0.303635 0.000216262
6.075 0.303695 0.000215091
6.125 0.304602 0.000230793
6.175 0.305676 0.000225672
6.225 0.306459 0.000213568
6.275 0.306917 0.000206943
6.325 0.306591 0.000209598
6.375 0.305824 0.000205388
6.425 0.305142 0.000200473
6.475 0.304773 0.000208928
6.525 0.305146 0.000223954
6.575 0.306416 0.000225548
6.625 0.307493 0.000226803
6.675 0.308297 0.000240346
6.725 0.308029 0.000249647
6.775 0.307413 0.000216667
6.825 0.3068 0.000191102
6.875 0.306472 0.000205143
6.925 0.306939 0.000194571
6.975 0.30815 0.000202052
7.025 0.309522 0.000203016
7.075 0.310388 0.000207281
7.125 0.310575 0.00020452
7.175 0.31 0.000196007
7.225 0.30855 0.000208021
7.275 0.307478 0.000208874
7.325 0.306753 0.000202581
7.375 0.306733 0.000213737
7.425 0.307862 0.000219143
7.475 0.30911 0.000237532
7.525 0.309704 0.000254389
7.575 0.309606 0.000233235
7.625 0.308114 0.000232103
7.675 0.306116 0.000239074
7.725 0.304232 0.00021539
7.775 0.303292 0.000243443
7.825 0.303361 0.000244334
7.875 0.304688 0.000257073
7.925 0.306645 0.000260661
7.975 0.308031 0.000259465
8.025 0.308876 0.000243834
8.075 0.308862 0.000256861
8.125 0.308058 0.000248243
8.175 0.307662 0.000284731
8.225 0.307864 0.000272918
8.275 0.30833 0.000255081
8.325 0.307923 0.000261865
8.375 0.304056 0.000271741
8.425 0.294739 0.000281526
8.475 0.278061 0.000289263
8.525 0.253261 0.000315081
8.575 0.221309 0.000270782
8.625 0.18445 0.000256415
8.675 0.145683 0.000222852
8.725 0.108716 0.000194598
8.775 0.0768614 0.000165555
8.825 0.0512785 0.000139113
8.875 0.0321263 0.000111047
8.925 0.0189935 9.74217e-05
8.975 0.0106171 6.6371e-05
9.025 0.005641 4.86905e-05
9.075 0.0028871 3.80354e-05
9.125 0.00142387 2.61702e-05
9.175 0.000715307 1.79049e-05
9.225 0.000398215 1.32124e-05
9.275 0.000248314 1.10416e-05
9.325 0.00019137 8.52376e-06
9.375 0.000172337 8.39457e-06
9.425 0.000170357 8.71185e-06
9.475 0.000164309 9.75719e-06
9.525 0.000154241 7.96328e-06
9.575 0.000155397 8.2149e-06
9.625 0.000141267 7.62348e-06
9.675 0.000148108 8.57648e-06
9.725 0.000144635 7.7385e-06
9.775 0.000154442 8.38025e-06
9.825 0.000160395 9.00188e-06
9.875 0.000157546 9.54555e-06
9.925 0.000163212 8.57386e-06
9.975 0.000147777 9.70798e-06
