0.025 119.034 2.83901
0.075 116.896 2.78635
0.125 114.125 2.63668
0.175 120.298 2.52485
0.225 117.673 2.40858
0.275 115.901 2.78561
0.325 118.44 2.88197
0.375 121.166 2.71989
0.425 118.009 2.68845
0.475 123.217 2.89031
0.525 118.238 2.47189
0.575 122.802 2.80066
0.625 122.152 2.50935
0.675 118.903 2.52258
0.725 126.897 2.66366
0.775 119.916 2.28664
0.825 120.442 2.54551
0.875 122.077 2.49667
0.925 120.382 2.64366
0.975 136.327 3.26025
1.025 133.661 3.44644
1.075 136.287 3.41148
1.125 137.495 3.73055
1.175 137.35 3.29525
1.225 135.125 3.02134
1.275 135.703 3.54438
1.325 135.086 3.546
1.375 127.453 3.19485
1.425 130.243 3.29532
1.475 135.492 3.17369
1.525 137.883 3.55038
1.575 138.256 3.89209
1.625 133.557 3.43262
1.675 132.295 3.05086
1.725 139.156 3.17181
1.775 140.11 3.2973
1.825 130.116 3.14104
1.875 130.992 2.95198
1.925 136.534 3.02897
1.975 130.992 3.30342
2.025 132.475 3.25434
2.075 130.918 3.31264
2.125 134.962 3.36956
2.175 133.698 3.2491
2.225 125.774 2.94703
2.275 129.772 2.91343
2.325 131.877 3.32725
2.375 134.681 3.15917
2.425 130.401 3.45187
2.475 126.695 3.26001
2.525 133.663 3.48173
2.575 128.865 2.93591
2.625 130.689 2.88288
2.675 131.461 2.9136
2.725 133.357 3.40596
2.775 132.194 3.19609
2.825 133.788 3.34813
2.875 133.644 3.06386
2.925 130.372 2.88466
2.975 135.317 3.26875
3.025 132.389 3.18029
3.075 131.669 3.29907
3.125 132.541 2.5871
3.175 131.645 3.14225
3.225 135.346 3.19877
3.275 128.117 3.23534
3.325 135.021 3.1061
3.375 135.855 2.94427
3.425 131.556 3.27793
3.475 131.554 2.86278
3.525 130.837 3.0653
3.575 126.821 2.85299
3.625 130.861 3.32122
3.675 135.999 3.00853
3.725 129.45 3.01273
3.775 126.215 2.88367
3.825 130.868 2.74847
3.875 127.634 2.88005
3.925 134.366 2.5501
3.975 129.85 3.00525
4.025 132.731 3.00839
4.075 130.227 2.67979
4.125 131.569 2.84432
4.175 128.787 2.83115
4.225 130.305 2.90262
4.275 130.603 2.85822
4.325 129.544 2.98934
4.375 131.643 2.76377
4.425 134.223 3.22978
4.475 124.143 2.94292
4.525 128.116 2.57516
4.575 126.796 2.72134
4.625 131.624 2.795
4.675 126.709 2.54637
4.725 123.324 2.60078
4.775 127.155 2.59512
4.825 124.266 2.44758
4.875 123.782 2.5866
4.925 126.566 2.85365
4.975 128.386 2.65557
5.025 127.151 2.45729
5.075 122.921 2.39485
5.125 122.536 2.48325
5.175 125.812 2.63477
5.225 123.142 2.36483
5.275 129.969 2.41769
5.325 127.406 2.40364
5.375 137.112 2.49516
5.425 133.902 2.48824
5.475 135.092 2.63262
5.525 138.724 2.33225
5.575 136.678 2.34569
5.625 134.791 2.07288
5.675 130.842 2.19638
5.725 135.838 2.43384
5.775 134.802 2.51677
5.825 138.539 2.13537
5.875 135.792 2.44888
5.925 135.061 2.23107
5.975 135.661 2.33853
6.025 131.691 2.25186
6.075 130.266 2.19513
6.125 135.692 2.63864
6.175 133.911 2.22132
6.225 136.401 2.26209
6.275 134.046 2.26839
6.325 140.783 2.09869
6.375 134.121 2.23005
6.425 139.703 2.61079
6.475 134.641 1.82111
6.525 136.275 1.94841
6.575 141.258 2.19744
6.625 135.307 2.14084
6.675 139.693 2.3468
6.725 139.389 2.20288
6.775 136.994 2.17569
6.825 133.018 2.35443
6.875 134.822 2.04705
6.925 134.089 2.37439
6.975 140.085 2.304
7.025 135.549 2.21065
7.075 140.036 2.05738
7.125 140.884 2.26392
7.175 142.209 2.0906
7.225 138.404 2.52509
7.275 135.582 1.98171
7.325 140.653 1.95942
7.375 136.501 2.14592
7.425 137.918 2.05846
7.475 139.059 2.11408
7.525 141.743 2.12596
7.575 142.909 2.14236
7.625 141.51 2.21965
7.675 140.048 2.11653
7.725 139.743 2.25474
7.775 139.733 2.01771
7.825 137.72 1.93484
7.875 137.256 1.94572
7.925 139.355 1.92389
7.975 141.256 1.83079
8.025 141.862 1.76159
8.075 148.065 2.05104
8.125 149.391 1.72932
8.175 146.63 1.7499
8.225 150.848 1.44589
8.275 160.541 1.52357
8.325 167.762 1.46833
8.375 183.143 1.24131
8.425 197.465 1.34231
8.475 212.795 1.51892
8.525 235.531 1.6649
8.575 252.344 1.63251
8.625 270.332 1.62986
8.675 291.3 2.02405
8.725 311.193 2.56228
8.775 323.006 3.36921
8.825 348.309 4.55826
8.875 370.071 5.94785
8.925 415.375 9.58467
8.975 485.146 19.062
9.025 596.323 35.1879
9.075 855.729 70.8984
9.125 1105.16 133.404
9.175 1821.33 242.266
9.225 2565.05 332.156
9.275 2608.86 413.44
9.325 4331.58 569.504
9.375 3232.55 550.626
9.425 3209.44 444.03
9.475 3528.5 487.315
9.525 3305.23 497.033
9.575 4067.21 547.327
9.625 2292.81 400.007
9.675 3377.86 461.298
9.725 3287.64 516.327
9.775 3873.54 688.745
9.825 3463.33 498.16
9.875 3323.41 498.085
9.925 3704.38 739.119
9.975 3651.73 592.158
