0.025 9.53107 0.0248782
0.075 9.9216 0.0264586
0.125 10.2349 0.0327687
0.175 10.3407 0.0357967
0.225 10.5576 0.0325415
0.275 10.6854 0.0364676
0.325 10.811 0.0371989
0.375 10.8975 0.0318895
0.425 11.0073 0.0392448
0.475 11.1162 0.0351271
0.525 11.2351 0.0363632
0.575 11.3516 0.0424087
0.625 11.4527 0.037752
0.675 11.5284 0.0368871
0.725 11.5766 0.0389869
0.775 11.5732 0.0381101
0.825 11.6994 0.0425855
0.875 11.7697 0.0369007
0.925 11.7946 0.0385005
0.975 10.2072 0.0369178
1.025 10.2073 0.0363155
1.075 10.2736 0.0342749
1.125 10.2941 0.0369654
1.175 10.3263 0.0386488
1.225 10.3599 0.0304578
1.275 10.4379 0.0404409
1.325 10.4811 0.0379369
1.375 10.4901 0.0346036
1.425 10.626 0.0344778
1.475 10.5809 0.0331258
1.525 10.6223 0.0371574
1.575 10.7115 0.0381386
1.625 10.7064 0.0318258
1.675 10.7134 0.0368074
1.725 10.7463 0.0313762
1.775 10.816 0.0343763
1.825 10.8693 0.0320442
1.875 10.9434 0.0345433
1.925 11.0494 0.0340136
1.975 11.0874 0.0362208
2.025 11.1051 0.0329437
2.075 11.1296 0.0336438
2.125 11.1022 0.0325909
2.175 11.2112 0.0337735
2.225 11.2312 0.0395235
2.275 11.3129 0.0343729
2.325 11.441 0.0359641
2.375 11.3688 0.0377865
2.425 11.4189 0.0350878
2.475 11.4745 0.0341555
2.525 11.6137 0.0404667
2.575 11.5321 0.0318357
2.625 11.5665 0.0359741
2.675 11.7351 0.037921
2.725 11.7371 0.0336836
2.775 11.7277 0.0298682
2.825 11.7414 0.0307282
2.875 11.8539 0.0335228
2.925 11.8769 0.0343493
2.975 11.9527 0.0399587
3.025 12.0598 0.0361177
3.075 12.1216 0.0337055
3.125 12.142 0.0371946
3.175 12.2051 0.0326629
3.225 12.1704 0.0336911
3.275 12.2928 0.0339801
3.325 12.3193 0.0364608
3.375 12.3689 0.0329851
3.425 12.4896 0.0307579
3.475 12.4595 0.0328679
3.525 12.5643 0.031419
3.575 12.6034 0.0337354
3.625 12.6755 0.0272259
3.675 12.7522 0.0295746
3.725 12.8258 0.0305038
3.775 12.855 0.0321982
3.825 12.9261 0.0322999
3.875 13.0874 0.0331072
3.925 13.1139 0.0355114
3.975 13.1468 0.0354861
4.025 13.3065 0.034767
4.075 13.3563 0.0331668
4.125 13.392 0.0338385
4.175 13.5021 0.0307704
4.225 13.5665 0.0343488
4.275 13.6881 0.0294999
4.325 13.8116 0.0309688
4.375 13.8835 0.0304883
4.425 14.0005 0.0315947
4.475 14.091 0.0315577
4.525 14.1875 0.0269394
4.575 14.303 0.0324467
4.625 14.4657 0.0244694
4.675 14.6378 0.0285426
4.725 14.8247 0.0290184
4.775 15.0053 0.0328598
4.825 15.2335 0.035668
4.875 15.4405 0.0311822
4.925 15.7178 0.0310712
4.975 16.0096 0.0268095
5.025 16.3487 0.0307621
5.075 16.8194 0.0324526
5.125 17.4538 0.0284529
5.175 18.3553 0.0343142
5.225 19.5864 0.034436
5.275 21.0597 0.0404555
5.325 22.6975 0.0466481
5.375 24.315 0.0456061
5.425 25.7078 0.0547559
5.475 26.5941 0.0548124
5.525 27.037 0.0509917
5.575 26.8955 0.0559196
5.625 26.6556 0.0542459
5.675 26.423 0.0549458
5.725 26.4823 0.0554319
5.775 26.8227 0.057457
5.825 27.3319 0.0539206
5.875 27.8063 0.0542313
5.925 27.8236 0.0559712
5.975 27.8574 0.0546029
6.025 27.674 0.0544354
6.075 27.6044 0.055959
6.125 27.8253 0.0504803
6.175 28.2804 0.0532799
6.225 29.0792 0.06079
6.275 29.7034 0.0532404
6.325 29.9619 0.0573372
6.375 29.9085 0.0560874
6.425 29.7996 0.0496605
6.475 29.6994 0.0493215
6.525 29.9187 0.0582973
6.575 30.3311 0.0586243
6.625 31.0917 0.0563655
6.675 31.7755 0.0573632
6.725 32.372 0.064433
6.775 32.5824 0.0593327
6.825 32.516 0.0589081
6.875 32.6333 0.0507046
6.925 32.8562 0.0570486
6.975 33.3964 0.0528002
7.025 34.2449 0.0560243
7.075 35.212 0.065257
7.125 36.1422 0.057903
7.175 36.8167 0.0589221
7.225 36.9432 0.0650295
7.275 37.0061 0.0627921
7.325 37.0153 0.0588233
7.375 37.3883 0.0582236
7.425 38.0935 0.0591756
7.475 39.237 0.0685694
7.525 40.5238 0.0672845
7.575 41.5587 0.0616463
7.625 42.306 0.0698904
7.675 42.7345 0.0624137
7.725 42.9407 0.0667099
7.775 43.2228 0.0634791
7.825 43.8329 0.0622867
7.875 45.0401 0.0679004
7.925 46.6669 0.0629149
7.975 48.7215 0.065109
8.025 50.8078 0.0669578
8.075 52.6384 0.0793188
8.125 54.5814 0.0729568
8.175 56.7007 0.0729442
8.225 59.4684 0.0689625
8.275 63.3045 0.0838156
8.325 68.1549 0.089083
8.375 74.2724 0.0787846
8.425 81.484 0.091393
8.475 88.9699 0.0953916
8.525 96.5776 0.0910323
8.575 104.177 0.110641
8.625 111.709 0.125447
8.675 118.321 0.136984
8.725 124.799 0.164704
8.775 131.228 0.183196
8.825 137.288 0.24225
8.875 142.158 0.308763
8.925 147.233 0.42843
8.975 151.169 0.5139
9.025 155.233 0.663475
9.075 158.103 1.01153
9.125 157.158 1.32773
9.175 151.025 1.92719
9.225 137.47 3.02898
9.275 116.277 4.62324
9.325 93.6255 5.50031
9.375 84.6807 4.84288
9.425 75.8103 4.72491
9.475 75.6703 4.38091
9.525 86.7444 5.11793
9.575 75.2839 4.65589
9.625 77.5234 4.38258
9.675 76.975 4.83332
9.725 74.7747 4.85333
9.775 76.3313 5.22162
9.825 73.8787 4.60761
9.875 69.4662 4.43316
9.925 79.2493 4.65508
9.975 74.6843 4.28446
