0.025 5.47386 0.000325795
0.075 5.47513 0.000344612
0.125 5.50231 0.00035038
0.175 5.52369 0.000310336
0.225 5.53665 0.000365322
0.275 5.56943 0.000372856
0.325 5.58385 0.000342171
0.375 5.60556 0.000369988
0.425 5.63251 0.000339367
0.475 5.64809 0.000368718
0.525 5.67778 0.000372976
0.575 5.69651 0.000380036
0.625 5.71871 0.000335975
0.675 5.7463 0.000376235
0.725 5.76496 0.000414387
0.775 5.7952 0.000426252
0.825 5.81565 0.000407014
0.875 5.83951 0.000399652
0.925 5.86024 0.000399976
0.975 5.91159 0.00049555
1.025 5.91317 0.000549858
1.075 5.94133 0.000551443
1.125 5.96718 0.000514481
1.175 5.9828 0.00057847
1.225 6.01547 0.000529132
1.275 6.03441 0.000556249
1.325 6.05534 0.000479422
1.375 6.08806 0.000524065
1.425 6.10586 0.000539209
1.475 6.1346 0.000546514
1.525 6.15985 0.000549915
1.575 6.18267 0.000544065
1.625 6.21438 0.000576693
1.675 6.23539 0.00052285
1.725 6.26524 0.000603891
1.775 6.29272 0.000585629
1.825 6.31811 0.000597395
1.875 6.34979 0.000594305
1.925 6.37545 0.000609696
1.975 6.40632 0.000597507
2.025 6.43484 0.000675065
2.075 6.46406 0.000568455
2.125 6.49573 0.000541044
2.175 6.52449 0.00067403
2.225 6.55862 0.000569763
2.275 6.58744 0.000615387
2.325 6.62156 0.000664744
2.375 6.65282 0.000596773
2.425 6.68757 0.000513833
2.475 6.72035 0.000608955
2.525 6.75562 0.000643258
2.575 6.79203 0.000683582
2.625 6.82528 0.000617586
2.675 6.86271 0.000619802
2.725 6.89899 0.000769554
2.775 6.93811 0.000676136
2.825 6.97468 0.000621058
2.875 7.01402 0.000696894
2.925 7.05527 0.000667076
2.975 7.09497 0.000672959
3.025 7.13645 0.000783115
3.075 7.17857 0.000709311
3.125 7.22192 0.000756542
3.175 7.26466 0.000734422
3.225 7.31016 0.00080372
3.275 7.35665 0.000824895
3.325 7.40359 0.000866896
3.375 7.45125 0.000871333
3.425 7.49848 0.000763741
3.475 7.54933 0.000860325
3.525 7.60112 0.00081783
3.575 7.65357 0.000964205
3.625 7.70801 0.000959584
3.675 7.76332 0.00101879
3.725 7.81944 0.000935645
3.775 7.8767 0.000943516
3.825 7.9368 0.000985852
3.875 7.99827 0.00101065
3.925 8.06063 0.000900466
3.975 8.12545 0.00100101
4.025 8.19274 0.00106613
4.075 8.26152 0.00111624
4.125 8.33287 0.0011616
4.175 8.40505 0.00121457
4.225 8.48248 0.00114492
4.275 8.55989 0.00117679
4.325 8.64168 0.00130133
4.375 8.72579 0.00128722
4.425 8.81418 0.00139057
4.475 8.90644 0.00131698
4.525 9.00206 0.0015577
4.575 9.10298 0.00165004
4.625 9.20834 0.0016806
4.675 9.32019 0.00178746
4.725 9.43851 0.00175093
4.775 9.56318 0.00204001
4.825 9.69599 0.00206468
4.875 9.84121 0.00227088
4.925 9.99933 0.00247677
4.975 10.1726 0.00272428
5.025 10.3692 0.00304224
5.075 10.596 0.00360668
5.125 10.8545 0.00436774
5.175 11.154 0.00517429
5.225 11.4982 0.00503291
5.275 11.8654 0.00619578
5.325 12.2332 0.00725002
5.375 12.567 0.00748785
5.425 12.8211 0.0082956
5.475 12.9906 0.00782098
5.525 13.0706 0.00881842
5.575 13.1068 0.00907427
5.625 13.1548 0.00961293
5.675 13.2429 0.0083018
5.725 13.4075 0.00887554
5.775 13.5732 0.00883847
5.825 13.7304 0.00855212
5.875 13.856 0.00792559
5.925 13.9473 0.00959208
5.975 14.033 0.00937085
6.025 14.1375 0.010549
6.075 14.3183 0.0104178
6.125 14.5324 0.0104719
6.175 14.8043 0.011808
6.225 15.028 0.0104982
6.275 15.219 0.0114435
6.325 15.3535 0.0113271
6.375 15.454 0.0106877
6.425 15.5902 0.00996429
6.475 15.7693 0.0100442
6.525 16.0259 0.0112544
6.575 16.3335 0.0115133
6.625 16.6473 0.0116976
6.675 16.9665 0.0131348
6.725 17.1817 0.0120232
6.775 17.3555 0.0135888
6.825 17.5762 0.0126065
6.875 17.8187 0.0133242
6.925 18.1579 0.0142088
6.975 18.5824 0.0141578
7.025 19.0168 0.0133815
7.075 19.4559 0.0146913
7.125 19.8358 0.0140346
7.175 20.1384 0.0150029
7.225 20.4288 0.0144951
7.275 20.7174 0.0156824
7.325 21.1094 0.0163148
7.375 21.6582 0.0184399
7.425 22.2643 0.0171875
7.475 22.9454 0.0167901
7.525 23.6119 0.0190521
7.575 24.1942 0.0195468
7.625 24.7406 0.0182177
7.675 25.2716 0.0179051
7.725 25.8375 0.0191474
7.775 26.6235 0.0208956
7.825 27.6133 0.0192735
7.875 28.7988 0.0230019
7.925 30.1863 0.022374
7.975 31.6837 0.0279056
8.025 33.3054 0.0284102
8.075 35.0297 0.0289667
8.125 36.9869 0.0299141
8.175 39.3743 0.0315888
8.225 42.4946 0.0369338
8.275 46.4677 0.0478721
8.325 51.4086 0.0533288
8.375 57.2831 0.0546407
8.425 63.8054 0.059295
8.475 70.9183 0.0734614
8.525 78.672 0.100641
8.575 86.5895 0.124178
8.625 94.7827 0.121496
8.675 102.949 0.153977
8.725 111.092 0.200499
8.775 118.798 0.268569
8.825 127.433 0.426129
8.875 135.561 0.51731
8.925 143.957 0.76782
8.975 148.767 1.12745
9.025 157.327 1.4933
9.075 169.785 2.44039
9.125 175.711 4.18176
9.175 195.771 14.0658
9.225 283.691 42.0314
9.275 168.909 29.8748
9.325 192.032 79.8726
9.375 53.9269 19.4239
9.425 10.1382 5.79627
9.475 0 0
9.525 0 0
9.575 0 0
9.625 0 0
9.675 0 0
9.725 0 0
9.775 0 0
9.825 0 0
9.875 0 0
9.925 0 0
9.975 0 0
