0.025 5.54695 0.00202737
0.075 5.5807 0.0020907
0.125 5.63166 0.00286169
0.175 5.67305 0.0029801
0.225 5.70542 0.00279058
0.275 5.75223 0.00289681
0.325 5.77413 0.00284281
0.375 5.81074 0.00300221
0.425 5.84439 0.0032751
0.475 5.87324 0.00346234
0.525 5.91379 0.00297452
0.575 5.9373 0.00343228
0.625 5.96715 0.00360131
0.675 5.99913 0.00348748
0.725 6.02691 0.00372986
0.775 6.06473 0.00315883
0.825 6.09238 0.00328852
0.875 6.12328 0.00347509
0.925 6.14652 0.00382304
0.975 6.20768 0.00371106
1.025 6.21446 0.00410429
1.075 6.25147 0.00410961
1.125 6.28159 0.00374406
1.175 6.30112 0.00328061
1.225 6.33406 0.00392865
1.275 6.35547 0.00400231
1.325 6.3794 0.00382923
1.375 6.41396 0.00346677
1.425 6.44017 0.00368507
1.475 6.46607 0.00369193
1.525 6.49923 0.00347131
1.575 6.52761 0.003747
1.625 6.55801 0.00409175
1.675 6.58622 0.00354553
1.725 6.6243 0.00414374
1.775 6.65607 0.00332159
1.825 6.68448 0.00375683
1.875 6.71178 0.00413564
1.925 6.74247 0.00387117
1.975 6.78009 0.0037698
2.025 6.80918 0.0033989
2.075 6.83874 0.00396286
2.125 6.87562 0.00356238
2.175 6.90277 0.0042885
2.225 6.94892 0.00364246
2.275 6.97809 0.00360931
2.325 7.01595 0.0037962
2.375 7.05039 0.00423679
2.425 7.0785 0.00407438
2.475 7.11265 0.00372371
2.525 7.14905 0.00428132
2.575 7.18608 0.00426611
2.625 7.22708 0.00405399
2.675 7.26428 0.00375893
2.725 7.30562 0.00385805
2.775 7.35155 0.00369307
2.825 7.39046 0.00395517
2.875 7.4294 0.0039442
2.925 7.47425 0.00429971
2.975 7.51573 0.00430043
3.025 7.56015 0.003866
3.075 7.59985 0.00407707
3.125 7.64688 0.00391685
3.175 7.68701 0.00369963
3.225 7.73733 0.00392163
3.275 7.78977 0.0042469
3.325 7.83818 0.00406603
3.375 7.88527 0.00414142
3.425 7.9347 0.00404584
3.475 7.98538 0.00419176
3.525 8.03544 0.00376918
3.575 8.09491 0.00399911
3.625 8.15005 0.00353513
3.675 8.20909 0.00470992
3.725 8.26246 0.00423104
3.775 8.3179 0.004199
3.825 8.38223 0.00414065
3.875 8.45157 0.00455303
3.925 8.51622 0.00428536
3.975 8.58199 0.00414766
4.025 8.64676 0.00404254
4.075 8.71498 0.00407575
4.125 8.79373 0.0046987
4.175 8.86432 0.00420642
4.225 8.94099 0.00423281
4.275 9.02102 0.00414578
4.325 9.10246 0.00430844
4.375 9.1897 0.00465655
4.425 9.28261 0.00498169
4.475 9.37349 0.00489028
4.525 9.46884 0.00475532
4.575 9.56926 0.00496624
4.625 9.68464 0.00372101
4.675 9.79086 0.00521531
4.725 9.91186 0.00429299
4.775 10.0311 0.00438775
4.825 10.1648 0.00476343
4.875 10.311 0.0048913
4.925 10.4729 0.0049149
4.975 10.6459 0.0048849
5.025 10.8401 0.00507306
5.075 11.0638 0.0054312
5.125 11.3254 0.00605276
5.175 11.623 0.00729036
5.225 11.9685 0.00652664
5.275 12.3398 0.00730491
5.325 12.7136 0.00831637
5.375 13.0489 0.00875244
5.425 13.304 0.00890944
5.475 13.4764 0.00945008
5.525 13.5583 0.00943435
5.575 13.5991 0.0103098
5.625 13.6471 0.0112321
5.675 13.73 0.00958362
5.725 13.897 0.0103512
5.775 14.0665 0.0104331
5.825 14.2346 0.00986271
5.875 14.3534 0.00854337
5.925 14.4496 0.0105913
5.975 14.5306 0.0110136
6.025 14.6342 0.011455
6.075 14.8144 0.0111672
6.125 15.0298 0.0118351
6.175 15.2994 0.0131805
6.225 15.5353 0.0122826
6.275 15.7223 0.013251
6.325 15.8731 0.0125912
6.375 15.9692 0.0122162
6.425 16.0992 0.0109513
6.475 16.2742 0.0104851
6.525 16.5368 0.0123763
6.575 16.8486 0.0129962
6.625 17.1685 0.0129352
6.675 17.488 0.0137259
6.725 17.7076 0.0129942
6.775 17.8827 0.0143279
6.825 18.1036 0.0127581
6.875 18.3485 0.0145997
6.925 18.6776 0.0137785
6.975 19.1091 0.0145547
7.025 19.5571 0.0146465
7.075 19.9994 0.0159601
7.125 20.3771 0.0152588
7.175 20.6914 0.0151605
7.225 20.9888 0.0151225
7.275 21.2588 0.0168932
7.325 21.6618 0.0170326
7.375 22.2076 0.019495
7.425 22.8381 0.01957
7.475 23.5256 0.0180385
7.525 24.1911 0.0199351
7.575 24.7745 0.0212014
7.625 25.3184 0.0198594
7.675 25.8625 0.0193532
7.725 26.434 0.020463
7.775 27.2126 0.0210639
7.825 28.2201 0.0190635
7.875 29.4038 0.0242737
7.925 30.8156 0.0229652
7.975 32.2997 0.0274535
8.025 33.9529 0.0298446
8.075 35.704 0.0290151
8.125 37.689 0.0309128
8.175 40.0681 0.0342191
8.225 43.2247 0.0370963
8.275 47.2201 0.0497191
8.325 52.2285 0.0565062
8.375 58.1756 0.0556212
8.425 64.8162 0.0592435
8.475 72.0189 0.0779778
8.525 79.8988 0.1004
8.575 87.8631 0.128075
8.625 96.0398 0.119779
8.675 104.235 0.160486
8.725 112.301 0.20246
8.775 119.66 0.26118
8.825 127.908 0.417144
8.875 135.012 0.515367
8.925 142 0.768244
8.975 143.432 1.06424
9.025 144.807 1.47411
9.075 141.784 2.18128
9.125 119.612 2.40302
9.175 92.6784 2.98933
9.225 77.8506 3.53696
9.275 58.05 3.04109
9.325 54.6821 3.80242
9.375 48.341 3.15666
9.425 44.7204 2.76323
9.475 46.4034 2.77336
9.525 51.1416 4.95448
9.575 41.5045 2.50346
9.625 49.6707 2.89412
9.675 51.3605 4.46706
9.725 47.1063 3.04485
9.775 59.1672 8.15136
9.825 44.2438 2.63567
9.875 51.1499 6.12944
9.925 42.5793 2.29094
9.975 44.4726 2.63007
