0.025 7.73101 0.0494701
0.075 8.39018 0.0524879
0.125 8.88827 0.0627865
0.175 8.99703 0.0680837
0.225 9.36551 0.0616925
0.275 9.52629 0.0723511
0.325 9.71928 0.0726636
0.375 9.83799 0.058653
0.425 9.95772 0.0761107
0.475 10.11 0.0665577
0.525 10.3309 0.069948
0.575 10.4695 0.0823759
0.625 10.6131 0.0745731
0.675 10.7078 0.0715394
0.725 10.7707 0.0741627
0.775 10.7345 0.0764904
0.825 10.8935 0.0839598
0.875 10.9991 0.0691413
0.925 10.966 0.0730317
0.975 11.4446 0.0874924
1.025 11.4165 0.0827449
1.075 11.5095 0.083865
1.125 11.5165 0.0864437
1.175 11.5995 0.0936562
1.225 11.5948 0.0732534
1.275 11.7242 0.0953475
1.325 11.7838 0.0890446
1.375 11.7491 0.0817518
1.425 12.0281 0.0807554
1.475 11.8846 0.0796888
1.525 11.9517 0.0904061
1.575 12.1 0.0914753
1.625 12.0562 0.0731129
1.675 11.998 0.0883126
1.725 12.0464 0.076233
1.775 12.1288 0.0788237
1.825 12.2256 0.0744488
1.875 12.3202 0.0825207
1.925 12.5633 0.0820874
1.975 12.5929 0.0877567
2.025 12.6025 0.0802309
2.075 12.608 0.0808496
2.125 12.4611 0.0775548
2.175 12.6802 0.0828204
2.225 12.6581 0.0967554
2.275 12.819 0.084955
2.325 13.055 0.0867574
2.375 12.8088 0.0905838
2.425 12.8861 0.0832206
2.475 12.985 0.0844121
2.525 13.2395 0.0941404
2.575 12.974 0.0783898
2.625 12.983 0.0872313
2.675 13.3513 0.0887296
2.725 13.2892 0.0831293
2.775 13.2339 0.075051
2.825 13.1944 0.072887
2.875 13.3757 0.0797715
2.925 13.3722 0.0792973
2.975 13.4449 0.0971699
3.025 13.6975 0.0839865
3.075 13.7229 0.0805203
3.125 13.7203 0.0894759
3.175 13.8274 0.0811413
3.225 13.6395 0.0795274
3.275 13.8536 0.0803718
3.325 13.8681 0.0852818
3.375 13.873 0.0786874
3.425 14.1096 0.0745524
3.475 13.9738 0.0768387
3.525 14.1077 0.0768804
3.575 14.1121 0.0797541
3.625 14.2156 0.0684463
3.675 14.274 0.0706475
3.725 14.3941 0.0728349
3.775 14.3533 0.0794585
3.825 14.3952 0.079664
3.875 14.7067 0.0813799
3.925 14.667 0.0852925
3.975 14.6015 0.0852863
4.025 14.9042 0.0856796
4.075 14.9045 0.0775273
4.125 14.8769 0.0812104
4.175 15.0065 0.0733909
4.225 15.0513 0.0838142
4.275 15.1795 0.0696964
4.325 15.3473 0.0779949
4.375 15.3621 0.0791917
4.425 15.52 0.0790152
4.475 15.5611 0.0771073
4.525 15.6233 0.0653034
4.575 15.7045 0.0781985
4.625 15.8951 0.0584444
4.675 16.0864 0.0723371
4.725 16.3283 0.075007
4.775 16.5301 0.0797547
4.825 16.802 0.0872447
4.875 17.0082 0.0787768
4.925 17.3644 0.0774986
4.975 17.6896 0.0671388
5.025 18.094 0.073902
5.075 18.7337 0.0780307
5.125 19.7175 0.0689939
5.175 21.227 0.0852792
5.225 23.5765 0.0863742
5.275 26.5533 0.0953375
5.325 30.0115 0.113297
5.375 33.5613 0.11422
5.425 36.7989 0.135926
5.475 38.9367 0.133726
5.525 40.0907 0.128045
5.575 39.7615 0.139878
5.625 39.0731 0.136568
5.675 38.3944 0.138731
5.725 38.2333 0.136245
5.775 38.8201 0.144875
5.825 39.9215 0.137133
5.875 41.0572 0.133076
5.925 40.9712 0.144033
5.975 41.04 0.135314
6.025 40.4121 0.13526
6.075 39.9966 0.143065
6.125 40.2619 0.128149
6.175 40.9969 0.133029
6.225 42.7307 0.151251
6.275 44.136 0.134989
6.325 44.789 0.142783
6.375 44.5399 0.145356
6.425 44.1303 0.126153
6.475 43.5702 0.122807
6.525 43.806 0.145877
6.575 44.4224 0.148689
6.625 45.9903 0.14222
6.675 47.4396 0.142885
6.725 48.7519 0.163934
6.775 49.1646 0.150493
6.825 48.7781 0.153553
6.875 48.7441 0.135099
6.925 48.8838 0.149352
6.975 49.7239 0.131174
7.025 51.3899 0.147038
7.075 53.4173 0.165163
7.125 55.5468 0.150286
7.175 56.9724 0.155267
7.225 57.114 0.168823
7.275 57.0432 0.157544
7.325 56.5477 0.15209
7.375 56.9487 0.148676
7.425 58.0963 0.155021
7.475 60.4325 0.17672
7.525 63.1692 0.174214
7.575 65.4297 0.159623
7.625 66.9725 0.184579
7.675 67.7079 0.161068
7.725 67.7353 0.180889
7.775 67.796 0.166368
7.825 68.4765 0.166354
7.875 70.5779 0.175502
7.925 73.6483 0.164539
7.975 77.9289 0.177123
8.025 82.3174 0.176581
8.075 85.9726 0.208607
8.125 89.793 0.194683
8.175 93.7749 0.190337
8.225 99.1918 0.18879
8.275 107.293 0.228711
8.325 117.909 0.244798
8.375 132.034 0.219157
8.425 149.462 0.262424
8.475 168.04 0.273783
8.525 187.532 0.262182
8.575 207.128 0.326722
8.625 227.416 0.367884
8.675 245.148 0.410097
8.725 262.909 0.496967
8.775 280.819 0.557639
8.825 298.174 0.750026
8.875 311.877 0.948486
8.925 326.847 1.34998
8.975 338.981 1.6296
9.025 349.891 2.10825
9.075 360.749 3.21269
9.125 359.623 4.20707
9.175 345.669 5.93987
9.225 313.244 9.14885
9.275 262.675 14.4969
9.325 198.383 17.9578
9.375 174.298 13.5993
9.425 152.515 13.349
9.475 155.068 13.6093
9.525 179.59 15.0316
9.575 151.57 14.1183
9.625 157.008 12.5329
9.675 152.35 13.713
9.725 148.408 12.9313
9.775 157.429 15.2715
9.825 146.702 13.187
9.875 133.285 13.2875
9.925 159.675 13.007
9.975 147.581 11.5745
