0.025 5.87576 0.00805127
0.075 5.90822 0.0078526
0.125 5.95251 0.0081511
0.175 6.01535 0.00839141
0.225 6.03369 0.0069307
0.275 6.08356 0.0083606
0.325 6.10676 0.00941866
0.375 6.15171 0.00818787
0.425 6.17871 0.00806448
0.475 6.21941 0.00853358
0.525 6.25336 0.00743727
0.575 6.28976 0.00932
0.625 6.31933 0.00870569
0.675 6.34485 0.00873172
0.725 6.3939 0.00897784
0.775 6.41097 0.00830548
0.825 6.44752 0.00878326
0.875 6.47612 0.00896741
0.925 6.49804 0.00849384
0.975 6.57051 0.0101113
1.025 6.57233 0.0107921
1.075 6.61339 0.0100716
1.125 6.65017 0.0102134
1.175 6.65997 0.00954032
1.225 6.69384 0.00953194
1.275 6.71427 0.0110318
1.325 6.73809 0.00976134
1.375 6.76014 0.00870237
1.425 6.79686 0.0102001
1.475 6.83217 0.00942056
1.525 6.87045 0.00909516
1.575 6.90143 0.0111614
1.625 6.91895 0.0101515
1.675 6.95016 0.00899175
1.725 7.00508 0.0106624
1.775 7.02601 0.00908255
1.825 7.04596 0.0102187
1.875 7.07412 0.00813276
1.925 7.13272 0.0104026
1.975 7.15401 0.00986818
2.025 7.18704 0.00979881
2.075 7.21431 0.0102067
2.125 7.26961 0.00997699
2.175 7.28589 0.0107235
2.225 7.31682 0.00920695
2.275 7.36242 0.00972019
2.325 7.39349 0.00949786
2.375 7.4418 0.0103249
2.425 7.4623 0.0112838
2.475 7.47831 0.0102611
2.525 7.54203 0.0105983
2.575 7.56496 0.0103695
2.625 7.61469 0.00923937
2.675 7.65381 0.00949054
2.725 7.70011 0.00996033
2.775 7.74873 0.00882179
2.825 7.79482 0.0105553
2.875 7.83113 0.00929723
2.925 7.86898 0.00962317
2.975 7.92525 0.011853
3.025 7.96525 0.010515
3.075 8.01221 0.0102651
3.125 8.05389 0.00851367
3.175 8.09633 0.010586
3.225 8.1589 0.0113724
3.275 8.19075 0.0107265
3.325 8.25491 0.0111101
3.375 8.30766 0.00921603
3.425 8.35288 0.0122303
3.475 8.40679 0.00980706
3.525 8.45832 0.0107445
3.575 8.50307 0.00964086
3.625 8.57124 0.0111245
3.675 8.64002 0.011483
3.725 8.6711 0.0110024
3.775 8.72903 0.0108714
3.825 8.80697 0.00937916
3.875 8.8794 0.0103231
3.925 8.95748 0.0101594
3.975 9.02267 0.0108373
4.025 9.09551 0.0113367
4.075 9.16244 0.0112006
4.125 9.23858 0.00953471
4.175 9.30112 0.0109503
4.225 9.38822 0.011017
4.275 9.47839 0.0115132
4.325 9.5547 0.0119777
4.375 9.65158 0.0103905
4.425 9.75633 0.0122999
4.475 9.82065 0.0117585
4.525 9.92818 0.0103453
4.575 10.0322 0.0111766
4.625 10.1597 0.0111634
4.675 10.2544 0.0120823
4.725 10.3729 0.0109574
4.775 10.5021 0.0110988
4.825 10.6349 0.0104475
4.875 10.7824 0.0122136
4.925 10.9561 0.0125641
4.975 11.1336 0.0124141
5.025 11.3328 0.0110639
5.075 11.5404 0.0122676
5.125 11.7989 0.0114389
5.175 12.107 0.012637
5.225 12.4492 0.0123821
5.275 12.8391 0.0138195
5.325 13.1964 0.0134248
5.375 13.563 0.0147119
5.425 13.7981 0.0137655
5.475 13.9701 0.0154416
5.525 14.068 0.0137535
5.575 14.1078 0.0160101
5.625 14.1496 0.0147311
5.675 14.2331 0.0141928
5.725 14.4223 0.0143062
5.775 14.5779 0.0154274
5.825 14.7585 0.0144468
5.875 14.8808 0.0144271
5.925 14.973 0.0162383
5.975 15.0564 0.0162395
6.025 15.1436 0.0165
6.075 15.3269 0.0155099
6.125 15.5698 0.0181741
6.175 15.8354 0.0186722
6.225 16.0776 0.0164875
6.275 16.2441 0.0171771
6.325 16.4318 0.0166235
6.375 16.501 0.0174213
6.425 16.6705 0.0167285
6.475 16.8237 0.0153223
6.525 17.1084 0.0163813
6.575 17.4394 0.017155
6.625 17.7363 0.0184972
6.675 18.0581 0.0185476
6.725 18.278 0.0173542
6.775 18.4611 0.0189503
6.825 18.6526 0.0200975
6.875 18.9164 0.0181061
6.925 19.2534 0.0195509
6.975 19.7088 0.0218061
7.025 20.1367 0.0199625
7.075 20.5895 0.0209306
7.125 20.9923 0.0225361
7.175 21.3132 0.0188622
7.225 21.5847 0.0225742
7.275 21.8559 0.0210863
7.325 22.2966 0.0216741
7.375 22.8098 0.023673
7.425 23.4528 0.0240561
7.475 24.1293 0.022586
7.525 24.8234 0.0250105
7.575 25.4035 0.0289625
7.625 25.9483 0.0273523
7.675 26.4839 0.0258093
7.725 27.0568 0.0260545
7.775 27.8434 0.0252103
7.825 28.8487 0.0245361
7.875 30.0285 0.0314084
7.925 31.4265 0.0285024
7.975 32.9221 0.0331904
8.025 34.5591 0.0356101
8.075 36.3328 0.0344937
8.125 38.3155 0.0372733
8.175 40.6414 0.0379867
8.225 43.803 0.0416141
8.275 47.8118 0.0510041
8.325 52.7719 0.059438
8.375 58.7396 0.0545087
8.425 65.3533 0.0647387
8.475 72.5357 0.084016
8.525 80.4791 0.106464
8.575 88.4421 0.130902
8.625 96.6259 0.115489
8.675 104.872 0.156457
8.725 113.04 0.202461
8.775 120.387 0.276613
8.825 128.805 0.421755
8.875 136.369 0.547475
8.925 144.178 0.768555
8.975 147.029 1.12765
9.025 151.798 1.81163
9.075 155.99 2.76715
9.125 141.137 4.43861
9.175 131.549 7.49905
9.225 139.532 10.161
9.275 103.741 8.72427
9.325 148.336 17.0037
9.375 104.6 10.9681
9.425 109.287 9.92624
9.475 149.341 34.2393
9.525 134.033 28.6325
9.575 118.964 12.1312
9.625 98.0632 9.73302
9.675 114.585 9.65682
9.725 116.231 13.6581
9.775 697.243 535.345
9.825 110.327 11.147
9.875 200.354 95.7771
9.925 696.307 527.295
9.975 108.567 10.9081
