0.025 8.53625 0.00164287
0.075 8.56764 0.00168724
0.125 8.62507 0.00241295
0.175 8.67054 0.00242126
0.225 8.70584 0.00241967
0.275 8.75862 0.00233691
0.325 8.78501 0.0023813
0.375 8.82739 0.0025077
0.425 8.86831 0.00276447
0.475 8.89963 0.00290991
0.525 8.94695 0.00256729
0.575 8.97646 0.00279663
0.625 9.01481 0.0030226
0.675 9.05463 0.00299729
0.725 9.08594 0.00311324
0.775 9.13191 0.00275942
0.825 9.16481 0.00277348
0.875 9.20344 0.00299614
0.925 9.23218 0.0032326
0.975 8.01375 0.00267754
1.025 8.02055 0.00289236
1.075 8.05984 0.00294817
1.125 8.09366 0.00259534
1.175 8.11241 0.0023284
1.225 8.15168 0.00273379
1.275 8.17518 0.00283217
1.325 8.20214 0.00263904
1.375 8.24141 0.00236777
1.425 8.2663 0.00264564
1.475 8.29767 0.00263905
1.525 8.333 0.00238673
1.575 8.36137 0.0026057
1.625 8.39808 0.00282358
1.675 8.42689 0.00253586
1.725 8.46562 0.00276636
1.775 8.49996 0.00242056
1.825 8.53027 0.00260933
1.875 8.56464 0.00273727
1.925 8.59492 0.00277525
1.975 8.63573 0.0026579
2.025 8.66754 0.0023567
2.075 8.70087 0.00271751
2.125 8.74044 0.00258252
2.175 8.77231 0.00301056
2.225 8.81744 0.00248521
2.275 8.8509 0.00249611
2.325 8.89193 0.00261347
2.375 8.92803 0.00289671
2.425 8.96327 0.00272855
2.475 9.0014 0.0025578
2.525 9.03915 0.00276135
2.575 9.07965 0.00280173
2.625 9.12375 0.00248337
2.675 9.16597 0.00254302
2.725 9.2098 0.00267067
2.775 9.2558 0.0026031
2.825 9.2994 0.00279363
2.875 9.34281 0.0026824
2.925 9.38985 0.00290558
2.975 9.43443 0.00288503
3.025 9.48208 0.00258652
3.075 9.52695 0.00275968
3.125 9.57637 0.00264247
3.175 9.62291 0.00248033
3.225 9.67464 0.00267302
3.275 9.72882 0.00277586
3.325 9.78062 0.0027275
3.375 9.83277 0.00285935
3.425 9.88752 0.00275436
3.475 9.9415 0.00276516
3.525 9.9973 0.00253566
3.575 10.0578 0.00268558
3.625 10.1168 0.00236392
3.675 10.179 0.00312084
3.725 10.2383 0.00283531
3.775 10.3007 0.0028034
3.825 10.3672 0.00280695
3.875 10.4388 0.00298319
3.925 10.5079 0.00299351
3.975 10.5774 0.00278028
4.025 10.6465 0.00269982
4.075 10.72 0.00272184
4.125 10.8006 0.00313099
4.175 10.8768 0.00275372
4.225 10.9567 0.00284609
4.275 11.0402 0.00269259
4.325 11.1261 0.00301054
4.375 11.2182 0.00340272
4.425 11.3124 0.00334317
4.475 11.4061 0.00326674
4.525 11.5056 0.00334731
4.575 11.6094 0.0033694
4.625 11.724 0.00268029
4.675 11.8348 0.00352436
4.725 11.9552 0.00285036
4.775 12.0787 0.00310832
4.825 12.2121 0.00328542
4.875 12.3565 0.00353214
4.925 12.5125 0.0033953
4.975 12.6804 0.00341001
5.025 12.8622 0.0037132
5.075 13.0652 0.00392191
5.125 13.2931 0.00431196
5.175 13.5409 0.0048091
5.225 13.8125 0.00449413
5.275 14.0908 0.0049359
5.325 14.357 0.00540535
5.375 14.5892 0.00542474
5.425 14.766 0.00540504
5.475 14.8889 0.00575095
5.525 14.9658 0.00597126
5.575 15.0284 0.00657633
5.625 15.0998 0.00697146
5.675 15.2021 0.00616464
5.725 15.3434 0.00673649
5.775 15.4876 0.00648032
5.825 15.6234 0.00627069
5.875 15.7341 0.00562109
5.925 15.8329 0.00698779
5.975 15.9339 0.00706669
6.025 16.0563 0.00748963
6.075 16.223 0.00734934
6.125 16.4104 0.0079637
6.175 16.6184 0.00844231
6.225 16.8027 0.00803672
6.275 16.9566 0.008265
6.325 17.0941 0.00795868
6.375 17.2138 0.00762162
6.425 17.3569 0.00635814
6.475 17.5407 0.00713464
6.525 17.7727 0.0078126
6.575 18.0269 0.00794407
6.625 18.2814 0.00800338
6.675 18.5239 0.00836087
6.725 18.7171 0.00753266
6.775 18.8987 0.00898662
6.825 19.107 0.00817102
6.875 19.3493 0.00898479
6.925 19.6392 0.00856936
6.975 19.9846 0.00960517
7.025 20.3319 0.00877006
7.075 20.6674 0.00957883
7.125 20.9709 0.00909212
7.175 21.2435 0.0090919
7.225 21.5168 0.00884824
7.275 21.8003 0.0103097
7.325 22.1677 0.0103937
7.375 22.6193 0.0117381
7.425 23.1122 0.011519
7.475 23.6289 0.0105715
7.525 24.1299 0.0117822
7.575 24.5932 0.0120093
7.625 25.045 0.011473
7.675 25.515 0.011415
7.725 26.041 0.0118512
7.775 26.7047 0.012411
7.825 27.5027 0.0114429
7.875 28.4212 0.0137331
7.925 29.4578 0.0133224
7.975 30.5624 0.0156478
8.025 31.7572 0.016337
8.075 33.0477 0.0162765
8.125 34.509 0.0171841
8.175 36.2372 0.0185155
8.225 38.4096 0.0211307
8.275 41.0305 0.0263917
8.325 44.1365 0.0291991
8.375 47.6557 0.027524
8.425 51.4366 0.0300251
8.475 55.4198 0.0377155
8.525 59.5812 0.0477164
8.575 63.6797 0.0584796
8.625 67.7911 0.053125
8.675 71.7686 0.069532
8.725 75.5663 0.0916392
8.775 79.1095 0.117695
8.825 82.8327 0.180256
8.875 85.8777 0.22399
8.925 88.6369 0.334795
8.975 88.8651 0.449465
9.025 89.0985 0.633541
9.075 86.2158 0.958868
9.125 74.412 1.13882
9.175 61.5952 1.51297
9.225 51.8721 1.71767
9.275 42.7014 1.64389
9.325 39.9762 1.74066
9.375 37.5874 1.64406
9.425 35.704 1.4758
9.475 36.5842 1.42609
9.525 38.5141 2.17104
9.575 34.6598 1.41566
9.625 39.1564 1.58365
9.675 39.0171 1.99523
9.725 37.607 1.71937
9.775 41.9541 3.40173
9.825 35.3376 1.4705
9.875 38.3145 2.64779
9.925 34.5552 1.28202
9.975 35.4307 1.4504
