0.025 40.8025 0.0013074
0.075 40.81 0.00131679
0.125 40.979 0.00135603
0.175 41.1134 0.00133931
0.225 41.1946 0.00139603
0.275 41.393 0.00139201
0.325 41.481 0.00141615
0.375 41.6177 0.00146223
0.425 41.7841 0.0014341
0.475 41.8774 0.00149387
0.525 42.0605 0.00147923
0.575 42.1762 0.00151219
0.625 42.3142 0.00153504
0.675 42.4863 0.00154475
0.725 42.596 0.00159389
0.775 42.7808 0.00160944
0.825 42.9063 0.00165901
0.875 43.0539 0.00167037
0.925 43.1794 0.00169806
0.975 43.4558 0.00171905
1.025 43.4689 0.00173935
1.075 43.6409 0.00179526
1.125 43.8014 0.00178164
1.175 43.8869 0.0018448
1.225 44.09 0.0018574
1.275 44.2043 0.00187759
1.325 44.3322 0.00191316
1.375 44.5304 0.0019029
1.425 44.6348 0.00196004
1.475 44.8106 0.00195909
1.525 44.964 0.0019909
1.575 45.0952 0.00202782
1.625 45.2924 0.00201945
1.675 45.4188 0.00205852
1.725 45.5974 0.00206895
1.775 45.7632 0.00210187
1.825 45.9117 0.00213785
1.875 46.1074 0.00214489
1.925 46.2531 0.00217841
1.975 46.4451 0.00221899
2.025 46.612 0.00226415
2.075 46.7892 0.00227576
2.125 46.9794 0.00229453
2.175 47.1492 0.00235184
2.225 47.3509 0.00236794
2.275 47.5261 0.00241092
2.325 47.7287 0.00245789
2.375 47.9167 0.00250398
2.425 48.118 0.00253467
2.475 48.3189 0.00258799
2.525 48.5209 0.00264012
2.575 48.732 0.0027145
2.625 48.9386 0.0027565
2.675 49.1573 0.00280049
2.725 49.3713 0.00285264
2.775 49.5964 0.00290208
2.825 49.8186 0.00295795
2.875 50.0502 0.0030036
2.925 50.2819 0.00304461
2.975 50.5206 0.00312971
3.025 50.7615 0.00321539
3.075 51.0085 0.00327005
3.125 51.2588 0.00330154
3.175 51.5149 0.00334189
3.225 51.7755 0.00342982
3.275 52.0419 0.00353399
3.325 52.313 0.00363154
3.375 52.5897 0.00373486
3.425 52.8724 0.0037898
3.475 53.1611 0.0039042
3.525 53.4561 0.00399196
3.575 53.7574 0.00414884
3.625 54.0658 0.00424624
3.675 54.3815 0.00433016
3.725 54.7039 0.00438515
3.775 55.0343 0.00445756
3.825 55.3731 0.00459224
3.875 55.7208 0.00472599
3.925 56.0768 0.00489109
3.975 56.4425 0.00502909
4.025 56.8185 0.0051559
4.075 57.2052 0.00526229
4.125 57.6028 0.00547772
4.175 58.0118 0.0056229
4.225 58.4345 0.00583014
4.275 58.8708 0.00597691
4.325 59.3205 0.00625742
4.375 59.7862 0.00659054
4.425 60.2695 0.00689893
4.475 60.7706 0.00718565
4.525 61.2925 0.00747437
4.575 61.8364 0.00776538
4.625 62.4033 0.00801861
4.675 62.9961 0.008345
4.725 63.6179 0.00887126
4.775 64.2737 0.00925931
4.825 64.9662 0.00992298
4.875 65.7079 0.0106574
4.925 66.5022 0.0114629
4.975 67.3589 0.0123401
5.025 68.2955 0.0134754
5.075 69.3206 0.0150157
5.125 70.4452 0.0167173
5.175 71.6667 0.0179509
5.225 72.9687 0.0180404
5.275 74.2769 0.0204285
5.325 75.5129 0.0232108
5.375 76.58 0.0229709
5.425 77.3887 0.0246925
5.475 77.9613 0.0236222
5.525 78.3503 0.0255014
5.575 78.6817 0.0266396
5.625 79.0904 0.0273623
5.675 79.6407 0.0255502
5.725 80.3411 0.0271081
5.775 81.0328 0.0258047
5.825 81.677 0.0259096
5.875 82.2419 0.0242906
5.925 82.7595 0.0290547
5.975 83.3094 0.027542
6.025 83.9644 0.0307053
6.075 84.8025 0.0313629
6.125 85.7298 0.0323599
6.175 86.7308 0.0331385
6.225 87.6079 0.0319513
6.275 88.376 0.0311308
6.325 89.0346 0.0309885
6.375 89.6844 0.0297937
6.425 90.4558 0.0257754
6.475 91.4022 0.0297392
6.525 92.5249 0.0325169
6.575 93.7529 0.0307284
6.625 94.9727 0.0332535
6.675 96.1323 0.0340813
6.725 97.0774 0.032708
6.775 98.0148 0.0371782
6.825 99.0905 0.035627
6.875 100.324 0.0374741
6.925 101.781 0.0382407
6.975 103.429 0.038717
7.025 105.069 0.0367068
7.075 106.651 0.0375307
7.125 108.116 0.0372129
7.175 109.43 0.0392016
7.225 110.786 0.0380207
7.275 112.278 0.0422113
7.325 114.101 0.044964
7.375 116.284 0.0470718
7.425 118.622 0.0450935
7.475 121.081 0.0440442
7.525 123.458 0.0491908
7.575 125.685 0.0477668
7.625 127.917 0.0464831
7.675 130.223 0.0454101
7.725 132.865 0.049253
7.775 136.117 0.0512656
7.825 139.933 0.0504343
7.875 144.302 0.0564359
7.925 149.114 0.0558842
7.975 154.267 0.065378
8.025 159.758 0.0664406
8.075 165.716 0.0678412
8.125 172.442 0.0702108
8.175 180.446 0.0726741
8.225 190.228 0.0904845
8.275 201.779 0.10795
8.325 215.193 0.114077
8.375 230.062 0.106607
8.425 245.665 0.116608
8.475 261.933 0.144419
8.525 278.66 0.175918
8.575 294.899 0.215167
8.625 311.016 0.195117
8.675 326.31 0.250875
8.725 340.86 0.331983
8.775 355.03 0.442485
8.825 369.431 0.664099
8.875 381.989 0.795702
8.925 395.273 1.20366
8.975 402.552 1.60278
9.025 416.97 2.19715
9.075 431.926 3.40549
9.125 439.276 5.22212
9.175 455.013 10.9306
9.225 467.873 24.6049
9.275 284.201 32.4978
9.325 157.769 27.9531
9.375 81.9937 22.7367
9.425 19.9598 11.4081
9.475 0 0
9.525 0 0
9.575 0 0
9.625 0 0
9.675 0 0
9.725 0 0
9.775 0 0
9.825 0 0
9.875 0 0
9.925 0 0
9.975 0 0
