0.025 43.6851 0.0810747
0.075 44.7732 0.083914
0.125 45.6915 0.112541
0.175 46.4149 0.115948
0.225 47.1103 0.108755
0.275 47.7246 0.113131
0.325 47.974 0.10944
0.375 48.5368 0.117914
0.425 48.8352 0.12694
0.475 49.3477 0.132018
0.525 49.8159 0.116269
0.575 49.9904 0.131712
0.625 50.2584 0.134163
0.675 50.4489 0.12693
0.725 50.8328 0.141544
0.775 51.1692 0.115805
0.825 51.5058 0.122854
0.875 51.8212 0.123521
0.925 51.9814 0.135974
0.975 52.3524 0.128366
1.025 52.4239 0.144493
1.075 52.879 0.138785
1.125 53.0946 0.126779
1.175 53.3417 0.113739
1.225 53.4221 0.135498
1.275 53.5771 0.137364
1.325 53.734 0.140293
1.375 53.9303 0.124002
1.425 54.2726 0.129413
1.475 54.2589 0.127545
1.525 54.6141 0.119094
1.575 54.9296 0.12994
1.625 54.9492 0.145602
1.675 55.2813 0.118263
1.725 55.7094 0.14243
1.775 55.9584 0.110143
1.825 56.1265 0.130559
1.875 56.1073 0.140547
1.925 56.3738 0.132785
1.975 56.7346 0.121881
2.025 56.9124 0.120561
2.075 57.0067 0.134129
2.125 57.3129 0.115387
2.175 57.3561 0.144133
2.225 57.9566 0.118322
2.275 58.0772 0.121527
2.325 58.3771 0.120943
2.375 58.6273 0.13742
2.425 58.5409 0.127661
2.475 58.7322 0.11756
2.525 58.9877 0.141809
2.575 59.1524 0.140741
2.625 59.5407 0.139159
2.675 59.6721 0.122988
2.725 60.0417 0.119142
2.775 60.4389 0.114879
2.825 60.7436 0.123394
2.875 60.8732 0.120982
2.925 61.2133 0.130008
2.975 61.4653 0.130877
3.025 61.7809 0.120956
3.075 61.901 0.123632
3.125 62.238 0.121033
3.175 62.3864 0.117695
3.225 62.7333 0.11964
3.275 63.1525 0.130129
3.325 63.4156 0.123811
3.375 63.6511 0.124914
3.425 63.9881 0.121374
3.475 64.2327 0.125163
3.525 64.4396 0.108686
3.575 64.9372 0.111191
3.625 65.2928 0.1028
3.675 65.7121 0.13473
3.725 65.9124 0.120361
3.775 66.1241 0.122288
3.825 66.6071 0.119857
3.875 67.1675 0.128776
3.925 67.5604 0.115853
3.975 67.9816 0.112365
4.025 68.2724 0.110673
4.075 68.6522 0.109944
4.125 69.2956 0.125045
4.175 69.6891 0.113909
4.225 70.124 0.114693
4.275 70.6622 0.110663
4.325 71.1572 0.112425
4.375 71.7333 0.115488
4.425 72.4356 0.126366
4.475 72.9686 0.123543
4.525 73.5906 0.113453
4.575 74.2758 0.119307
4.625 75.2421 0.091296
4.675 75.8699 0.122735
4.725 76.8448 0.105079
4.775 77.6197 0.100394
4.825 78.6508 0.110929
4.875 79.8709 0.111301
4.925 81.3545 0.109148
4.975 83.0042 0.102688
5.025 85.0059 0.103878
5.075 87.5641 0.109851
5.125 90.978 0.114512
5.175 95.099 0.143682
5.225 100.351 0.132795
5.275 106.287 0.146187
5.325 112.424 0.165744
5.375 117.845 0.170591
5.425 121.739 0.173809
5.475 123.946 0.184542
5.525 124.237 0.181792
5.575 123.481 0.193706
5.625 122.721 0.21674
5.675 122.505 0.180743
5.725 123.996 0.18798
5.775 125.62 0.188085
5.825 127.234 0.180196
5.875 127.847 0.14481
5.925 127.855 0.18289
5.975 127.35 0.196594
6.025 127.136 0.20136
6.075 128.287 0.189985
6.125 130.077 0.191621
6.175 132.953 0.218779
6.225 135.305 0.195625
6.275 136.683 0.219762
6.325 137.305 0.203123
6.375 136.778 0.207761
6.425 136.545 0.180283
6.475 136.977 0.16562
6.525 138.82 0.193207
6.575 141.474 0.206329
6.625 144.232 0.197415
6.675 147.073 0.210767
6.725 148.145 0.204061
6.775 148.256 0.216789
6.825 148.909 0.181556
6.875 149.617 0.207834
6.925 151.461 0.18813
6.975 154.859 0.195825
7.025 158.424 0.198698
7.075 161.876 0.21393
7.125 164.34 0.202767
7.175 165.673 0.198807
7.225 166.439 0.197377
7.275 166.491 0.210635
7.325 167.945 0.21456
7.375 171.148 0.233891
7.425 175.204 0.229986
7.475 179.883 0.201835
7.525 184.117 0.221782
7.575 187.029 0.236964
7.625 189.145 0.217523
7.675 190.669 0.201671
7.725 191.937 0.21078
7.775 194.852 0.220666
7.825 199.614 0.182367
7.875 205.577 0.222841
7.925 213.092 0.210222
7.975 220.473 0.242263
8.025 228.387 0.248472
8.075 236.008 0.228257
8.125 244.184 0.232947
8.175 253.977 0.247833
8.225 267.611 0.239132
8.275 284.858 0.290705
8.325 305.971 0.297474
8.375 329.609 0.273123
8.425 353.764 0.266388
8.475 377.718 0.309387
8.525 401.862 0.360897
8.575 424.017 0.413181
8.625 445.031 0.353997
8.675 464.488 0.436854
8.725 482.318 0.493077
8.775 497.238 0.589972
8.825 513.608 0.850076
8.875 527.197 1.01092
8.925 540.976 1.38822
8.975 543.894 2.00726
9.025 550.478 2.53037
9.075 554.194 3.85973
9.125 528.106 5.0229
9.175 469.384 7.84427
9.225 431.071 12.1875
9.275 349.702 13.3807
9.325 321.262 15.9701
9.375 297.811 14.7234
9.425 280.646 13.9947
9.475 291.312 14.4287
9.525 307.989 14.8027
9.575 262.05 13.1449
9.625 303.007 13.1283
9.675 303.363 15.2837
9.725 287.661 13.8865
9.775 300.222 17.1886
9.825 277.061 14.9658
9.875 290.629 15.8596
9.925 274.278 13.5835
9.975 280.721 14.4891
