0.025 8.63126 0.00369123
0.075 8.66426 0.00371817
0.125 8.71963 0.00413895
0.175 8.7727 0.00431775
0.225 8.80383 0.00399997
0.275 8.85678 0.00448239
0.325 8.88424 0.00472522
0.375 8.92755 0.00435112
0.425 8.96399 0.00414861
0.475 9.00115 0.0044007
0.525 9.04741 0.00378844
0.575 9.08088 0.00473642
0.625 9.1189 0.00470208
0.675 9.15791 0.00485891
0.725 9.19431 0.00501885
0.775 9.23278 0.00451471
0.825 9.26696 0.0044043
0.875 9.30544 0.00463497
0.925 9.33375 0.00495714
0.975 8.09128 0.0041783
1.025 8.09646 0.00439509
1.075 8.13568 0.00416327
1.125 8.16946 0.00390348
1.175 8.18532 0.00369833
1.225 8.22673 0.00408052
1.275 8.2468 0.00439563
1.325 8.27547 0.00364437
1.375 8.31158 0.00329892
1.425 8.34081 0.00396606
1.475 8.37248 0.00405172
1.525 8.40709 0.00339203
1.575 8.43667 0.00399805
1.625 8.47084 0.00402002
1.675 8.50033 0.00375519
1.725 8.54259 0.00412611
1.775 8.57334 0.00367684
1.825 8.60192 0.00391405
1.875 8.6382 0.00344804
1.925 8.67478 0.00439032
1.975 8.71048 0.0038946
2.025 8.7436 0.00373558
2.075 8.7765 0.00398319
2.125 8.81943 0.00388754
2.175 8.84941 0.00425249
2.225 8.88924 0.00337308
2.275 8.92788 0.00406021
2.325 8.96706 0.0034031
2.375 9.00383 0.00420643
2.425 9.03914 0.00395179
2.475 9.07447 0.00382671
2.525 9.11874 0.004029
2.575 9.15438 0.00402847
2.625 9.20172 0.0036973
2.675 9.24478 0.00397982
2.725 9.29 0.00392377
2.775 9.33462 0.00340246
2.825 9.37809 0.00414048
2.875 9.42152 0.00378426
2.925 9.46594 0.00392467
2.975 9.51574 0.00438666
3.025 9.56176 0.00405391
3.075 9.60798 0.00397759
3.125 9.65401 0.00354118
3.175 9.70366 0.00431894
3.225 9.75682 0.00423119
3.275 9.80776 0.00412053
3.325 9.86089 0.00428805
3.375 9.91583 0.00380558
3.425 9.97069 0.00434175
3.475 10.0232 0.0038561
3.525 10.0796 0.0039847
3.575 10.137 0.0038091
3.625 10.197 0.00363434
3.675 10.2618 0.00414346
3.725 10.3159 0.00416818
3.775 10.3777 0.00418657
3.825 10.448 0.00386858
3.875 10.5201 0.00412105
3.925 10.5938 0.00409035
3.975 10.6623 0.00430038
4.025 10.7332 0.00426483
4.075 10.8068 0.00415688
4.125 10.8846 0.00356272
4.175 10.9587 0.00403659
4.225 11.0404 0.00406484
4.275 11.1286 0.00415918
4.325 11.2124 0.00446532
4.375 11.3069 0.00417962
4.425 11.4037 0.00494765
4.475 11.491 0.00454576
4.525 11.5912 0.00415182
4.575 11.6951 0.00451696
4.625 11.8139 0.00399217
4.675 11.9219 0.00490322
4.725 12.0406 0.00423464
4.775 12.1633 0.00426314
4.825 12.2971 0.00423414
4.875 12.4418 0.00503231
4.925 12.6029 0.00512318
4.975 12.7726 0.00468964
5.025 12.9536 0.00460045
5.075 13.1485 0.00521719
5.125 13.3752 0.00547778
5.175 13.6275 0.00557156
5.225 13.8981 0.00561288
5.275 14.179 0.00612668
5.325 14.445 0.00590226
5.375 14.6801 0.00622675
5.425 14.8548 0.00632308
5.475 14.9803 0.00716979
5.525 15.0599 0.00675132
5.575 15.1195 0.00772502
5.625 15.1915 0.00786903
5.675 15.2924 0.00682786
5.725 15.4388 0.00728476
5.775 15.5788 0.00710982
5.825 15.7149 0.00706038
5.875 15.8289 0.0067208
5.925 15.9287 0.00779623
5.975 16.0259 0.00792724
6.025 16.1454 0.00801
6.075 16.3116 0.00778163
6.125 16.5054 0.00854647
6.175 16.7117 0.0095168
6.225 16.8975 0.00827303
6.275 17.0462 0.00848977
6.325 17.1919 0.00837964
6.375 17.3069 0.00820745
6.425 17.4566 0.00683266
6.475 17.6336 0.0079977
6.525 17.8703 0.00832028
6.575 18.1274 0.00832004
6.625 18.3739 0.00874354
6.675 18.6198 0.00893748
6.725 18.8106 0.00823893
6.775 18.9972 0.00924427
6.825 19.2015 0.00892805
6.875 19.4426 0.00934319
6.925 19.7329 0.00916915
6.975 20.0866 0.010603
7.025 20.4283 0.00962517
7.075 20.7657 0.0103325
7.125 21.0719 0.00983308
7.175 21.3449 0.00886867
7.225 21.6128 0.00969064
7.275 21.8955 0.0106588
7.325 22.2677 0.0109919
7.375 22.7128 0.0116776
7.425 23.2112 0.0122518
7.475 23.7262 0.0111641
7.525 24.2342 0.0125148
7.575 24.6925 0.0133331
7.625 25.142 0.012418
7.675 25.6099 0.0127466
7.725 26.1374 0.0122455
7.775 26.8017 0.0127724
7.825 27.5995 0.012506
7.875 28.513 0.0147938
7.925 29.5463 0.0133593
7.975 30.6453 0.0159025
8.025 31.8424 0.0167464
8.075 33.1325 0.0160041
8.125 34.5929 0.0174807
8.175 36.3135 0.0183369
8.225 38.4874 0.021581
8.275 41.1027 0.0267647
8.325 44.2042 0.029625
8.375 47.7218 0.0273708
8.425 51.495 0.0298713
8.475 55.4717 0.0384966
8.525 59.6546 0.0470479
8.575 63.7451 0.0588477
8.625 67.8541 0.0520131
8.675 71.8455 0.0693986
8.725 75.65 0.0907078
8.775 79.1946 0.116996
8.825 82.9285 0.181957
8.875 86.0129 0.225505
8.925 89.023 0.33497
8.975 89.4928 0.451839
9.025 90.1963 0.692072
9.075 88.2138 1.01637
9.125 78.0034 1.35465
9.175 68.0418 2.16951
9.225 64.1414 3.03627
9.275 48.4986 2.11762
9.325 55.6525 3.55121
9.375 44.217 2.12497
9.425 46.1632 2.60674
9.475 59.4177 11.558
9.525 54.3407 8.9649
9.575 43.3186 2.18527
9.625 48.3406 2.76651
9.675 50.2539 2.68522
9.725 48.3876 3.10284
9.775 85.341 28.5314
9.825 46.0875 2.75047
9.875 67.4007 22.5788
9.925 92.9156 35.2647
9.975 45.4886 2.61078
