0.025 43.3582 1.12427
0.075 42.6889 1.10593
0.125 42.0862 1.02921
0.175 44.618 0.998774
0.225 43.8622 0.96652
0.275 42.9786 1.14388
0.325 44.0654 1.16248
0.375 44.8832 1.10566
0.425 43.3654 0.951996
0.475 45.6885 1.12902
0.525 44.0552 0.951937
0.575 45.6056 1.07793
0.625 45.3076 0.967717
0.675 44.2879 1.0261
0.725 47.1859 1.05815
0.775 44.5933 0.940357
0.825 43.9563 0.977511
0.875 45.1177 0.957386
0.925 44.6329 1.02982
0.975 40.625 1.02434
1.025 39.6671 1.07427
1.075 40.2491 1.0097
1.125 40.6378 1.09396
1.175 40.7303 1.06083
1.225 40.1124 0.930895
1.275 39.7597 1.06722
1.325 40.4051 1.11855
1.375 37.8611 0.997769
1.425 39.1675 1.01882
1.475 40.1456 1.0219
1.525 40.982 1.16907
1.575 40.758 1.16026
1.625 39.6063 1.04812
1.675 39.1409 0.951667
1.725 41.2684 0.973175
1.775 41.916 1.14902
1.825 38.6005 0.941252
1.875 39.2569 0.97927
1.925 40.6341 0.961606
1.975 38.5746 0.991445
2.025 39.3937 0.979898
2.075 38.9134 1.01641
2.125 39.9009 1.00204
2.175 40.0454 0.980018
2.225 37.1789 0.892752
2.275 38.3484 0.872031
2.325 39.5535 0.992052
2.375 39.8885 0.983436
2.425 38.8466 1.04438
2.475 38.1594 0.977865
2.525 40.3731 1.08988
2.575 38.5493 0.918483
2.625 38.9488 0.923506
2.675 39.9582 0.92004
2.725 40.5241 1.03816
2.775 39.7069 1.02136
2.825 39.8732 1.03742
2.875 40.0903 0.938136
2.925 38.7489 0.85063
2.975 40.558 1.01812
3.025 39.9665 1.01956
3.075 39.7585 1.02938
3.125 39.8759 0.836739
3.175 40.0877 1.02151
3.225 40.3873 0.939978
3.275 39.1924 0.995974
3.325 40.8497 0.964936
3.375 41.289 0.923662
3.425 40.0893 0.969667
3.475 39.6945 0.866932
3.525 39.5981 0.963565
3.575 38.8433 0.832162
3.625 39.6045 0.986005
3.675 41.1339 0.903593
3.725 39.4108 0.927251
3.775 38.4121 0.893191
3.825 39.9448 0.860707
3.875 38.8568 0.947917
3.925 41.3061 0.813365
3.975 39.7408 0.882291
4.025 40.4974 0.890695
4.075 40.0612 0.828897
4.125 40.4391 0.822396
4.175 39.5815 0.870634
4.225 39.8979 0.855777
4.275 40.2234 0.829259
4.325 40.1201 0.876657
4.375 41.0915 0.83399
4.425 41.9635 0.980472
4.475 38.6891 0.877083
4.525 40.0929 0.75763
4.575 39.5961 0.826656
4.625 41.2993 0.882478
4.675 40.1052 0.749894
4.725 38.7503 0.792021
4.775 39.8407 0.774711
4.825 39.5077 0.703206
4.875 39.2788 0.798812
4.925 40.2446 0.862875
4.975 41.6608 0.759784
5.025 41.4654 0.732268
5.075 40.0395 0.7227
5.125 40.5878 0.782375
5.175 42.1895 0.788883
5.225 42.2395 0.655074
5.275 44.5996 0.720265
5.325 45.0478 0.705147
5.375 47.8291 0.696602
5.425 47.713 0.732787
5.475 48.6426 0.791587
5.525 49.2564 0.654945
5.575 48.5568 0.706131
5.625 48.1338 0.644416
5.675 47.0733 0.613069
5.725 48.6757 0.687685
5.775 48.5336 0.737597
5.825 49.3176 0.616778
5.875 48.9058 0.738329
5.925 48.8603 0.631923
5.975 48.7023 0.63887
6.025 47.8249 0.660102
6.075 47.6291 0.648109
6.125 49.185 0.750459
6.175 48.988 0.663997
6.225 50.0871 0.667069
6.275 49.5698 0.651151
6.325 51.4403 0.646136
6.375 49.9318 0.650249
6.425 51.1601 0.723662
6.475 49.5323 0.555725
6.525 50.4978 0.571795
6.575 52.1019 0.603052
6.625 50.6772 0.58521
6.675 52.385 0.655172
6.725 52.3261 0.62082
6.775 51.8035 0.620663
6.825 51.3219 0.666719
6.875 51.3935 0.562271
6.925 51.5996 0.669788
6.975 54.0913 0.674729
7.025 52.9902 0.604205
7.075 54.722 0.590263
7.125 55.0751 0.634736
7.175 55.4809 0.59311
7.225 54.5105 0.688197
7.275 53.8562 0.537034
7.325 55.2643 0.559483
7.375 55.0914 0.630206
7.425 55.7055 0.557391
7.475 56.6211 0.547193
7.525 58.2206 0.590031
7.575 58.7481 0.587532
7.625 58.6315 0.581147
7.675 58.4365 0.573233
7.725 58.6861 0.589052
7.775 59.3173 0.498956
7.825 59.3381 0.543225
7.875 59.8208 0.521579
7.925 61.4538 0.495527
7.975 62.7645 0.491796
8.025 63.8781 0.432905
8.075 66.4975 0.493764
8.125 67.9894 0.417795
8.175 68.8036 0.418549
8.225 71.6215 0.353091
8.275 76.4798 0.379732
8.325 80.9708 0.339459
8.375 87.6784 0.295556
8.425 94.5311 0.3179
8.475 101.32 0.367346
8.525 109.626 0.364513
8.575 116.556 0.374371
8.625 123.557 0.364926
8.675 131.159 0.485333
8.725 138.018 0.623165
8.775 142.416 0.746293
8.825 150.487 1.14741
8.875 157.031 1.47877
8.925 168.444 2.31257
8.975 183.609 4.8279
9.025 207.105 9.06593
9.075 263.185 20.263
9.125 314.85 33.936
9.175 442.771 61.5366
9.225 562.533 73.0512
9.275 485.169 76.2285
9.325 883.266 122.545
9.375 601.624 105.733
9.425 657.539 104.637
9.475 709.114 104.385
9.525 654.784 104.169
9.575 631.686 98.7746
9.625 468.034 84.2936
9.675 746.051 113.957
9.725 665.636 110.978
9.775 667.084 103.676
9.825 650.883 101.516
9.875 548.417 89.3348
9.925 623.878 116.419
9.975 764.536 136.664
