*ENERGY(GEV) SigmaT0(GEV) X(CM)   Y(CM)    FWHMx(cm) FWHMy(cm) WEIGHT
0.107257     0.00110814    5.38     1.18    0.73     0.90     4.5802e+07
0.107257     0.00110814    4.70     1.18    0.73     0.90     1.0029e+08
0.107257     0.00110814    4.03     1.18    0.73     0.90     9.8276e+07
0.107257     0.00110814    3.36     1.18    0.73     0.90     8.2372e+07
0.107257     0.00110814    2.69     1.18    0.73     0.90     9.8916e+07
0.107257     0.00110814    2.02     1.18    0.73     0.90     9.0172e+07
0.107257     0.00110814    1.34     1.18    0.73     0.90     9.2758e+07
0.107257     0.00110814    0.67     1.18    0.73     0.90     9.2844e+07
0.107257     0.00110814   -0.00     1.18    0.73     0.90     9.1391e+07
0.107257     0.00110814   -0.67     1.18    0.73     0.90     9.2824e+07
0.107257     0.00110814   -1.34     1.18    0.73     0.90     9.2479e+07
0.107257     0.00110814   -2.02     1.18    0.73     0.90     8.9928e+07
0.107257     0.00110814   -2.69     1.18    0.73     0.90     9.8515e+07
0.107257     0.00110814   -3.36     1.18    0.73     0.90     8.2082e+07
0.107257     0.00110814   -4.03     1.18    0.73     0.90     9.8175e+07
0.107257     0.00110814   -4.70     1.18    0.73     0.90     1.0016e+08
0.107257     0.00110814   -5.38     1.18    0.73     0.90     4.5701e+07
0.107257     0.00110814    5.71     0.59    0.73     0.90     3.4293e+07
0.107257     0.00110814    5.04     0.59    0.73     0.90     1.2525e+08
0.107257     0.00110814    4.37     0.59    0.73     0.90     4.1565e+07
0.107257     0.00110814    3.70     0.59    0.73     0.90     7.6015e+07
0.107257     0.00110814    3.02     0.59    0.73     0.90     7.0873e+07
0.107257     0.00110814    2.35     0.59    0.73     0.90     6.2494e+07
0.107257     0.00110814    1.68     0.59    0.73     0.90     7.4440e+07
0.107257     0.00110814    1.01     0.59    0.73     0.90     6.3724e+07
0.107257     0.00110814    0.34     0.59    0.73     0.90     7.0096e+07
0.107257     0.00110814   -0.34     0.59    0.73     0.90     7.0167e+07
0.107257     0.00110814   -1.01     0.59    0.73     0.90     6.3754e+07
0.107257     0.00110814   -1.68     0.59    0.73     0.90     7.4730e+07
0.107257     0.00110814   -2.35     0.59    0.73     0.90     6.2713e+07
0.107257     0.00110814   -3.02     0.59    0.73     0.90     7.1168e+07
0.107257     0.00110814   -3.70     0.59    0.73     0.90     7.6127e+07
0.107257     0.00110814   -4.37     0.59    0.73     0.90     4.1615e+07
0.107257     0.00110814   -5.04     0.59    0.73     0.90     1.2522e+08
0.107257     0.00110814   -5.71     0.59    0.73     0.90     3.4248e+07
0.107257     0.00110814    5.38    -0.00    0.73     0.90     8.7092e+07
0.107257     0.00110814    4.70    -0.00    0.73     0.90     5.2845e+07
0.107257     0.00110814    4.03    -0.00    0.73     0.90     1.0487e+08
0.107257     0.00110814    3.36    -0.00    0.73     0.90     5.9750e+07
0.107257     0.00110814    2.69    -0.00    0.73     0.90     8.8119e+07
0.107257     0.00110814    2.02    -0.00    0.73     0.90     7.5085e+07
0.107257     0.00110814    1.34    -0.00    0.73     0.90     7.7590e+07
0.107257     0.00110814    0.67    -0.00    0.73     0.90     8.1366e+07
0.107257     0.00110814   -0.00    -0.00    0.73     0.90     7.4740e+07
0.107257     0.00110814   -0.67    -0.00    0.73     0.90     8.1356e+07
0.107257     0.00110814   -1.34    -0.00    0.73     0.90     7.7499e+07
0.107257     0.00110814   -2.02    -0.00    0.73     0.90     7.4943e+07
0.107257     0.00110814   -2.69    -0.00    0.73     0.90     8.7966e+07
0.107257     0.00110814   -3.36    -0.00    0.73     0.90     5.9735e+07
0.107257     0.00110814   -4.03    -0.00    0.73     0.90     1.0481e+08
0.107257     0.00110814   -4.70    -0.00    0.73     0.90     5.3124e+07
0.107257     0.00110814   -5.38    -0.00    0.73     0.90     8.6833e+07
0.107257     0.00110814    5.71    -0.59    0.73     0.90     2.8409e+07
0.107257     0.00110814    5.04    -0.59    0.73     0.90     9.4587e+07
0.107257     0.00110814    4.37    -0.59    0.73     0.90     4.5904e+07
0.107257     0.00110814    3.70    -0.59    0.73     0.90     6.0833e+07
0.107257     0.00110814    3.02    -0.59    0.73     0.90     6.9257e+07
0.107257     0.00110814    2.35    -0.59    0.73     0.90     5.3836e+07
0.107257     0.00110814    1.68    -0.59    0.73     0.90     6.6869e+07
0.107257     0.00110814    1.01    -0.59    0.73     0.90     5.9095e+07
0.107257     0.00110814    0.34    -0.59    0.73     0.90     6.2601e+07
0.107257     0.00110814   -0.34    -0.59    0.73     0.90     6.2652e+07
0.107257     0.00110814   -1.01    -0.59    0.73     0.90     5.9039e+07
0.107257     0.00110814   -1.68    -0.59    0.73     0.90     6.6955e+07
0.107257     0.00110814   -2.35    -0.59    0.73     0.90     5.3897e+07
0.107257     0.00110814   -3.02    -0.59    0.73     0.90     6.9400e+07
0.107257     0.00110814   -3.70    -0.59    0.73     0.90     6.0995e+07
0.107257     0.00110814   -4.37    -0.59    0.73     0.90     4.5863e+07
0.107257     0.00110814   -5.04    -0.59    0.73     0.90     9.4501e+07
0.107257     0.00110814   -5.71    -0.59    0.73     0.90     2.8358e+07
0.107257     0.00110814    5.38    -1.18    0.73     0.90     1.0139e+08
0.107257     0.00110814    4.70    -1.18    0.73     0.90     8.7789e+07
0.107257     0.00110814    4.03    -1.18    0.73     0.90     9.6808e+07
0.107257     0.00110814    3.36    -1.18    0.73     0.90     8.6930e+07
0.107257     0.00110814    2.69    -1.18    0.73     0.90     8.8607e+07
0.107257     0.00110814    2.02    -1.18    0.73     0.90     9.1965e+07
0.107257     0.00110814    1.34    -1.18    0.73     0.90     8.7905e+07
0.107257     0.00110814    0.67    -1.18    0.73     0.90     8.8693e+07
0.107257     0.00110814   -0.00    -1.18    0.73     0.90     9.0741e+07
0.107257     0.00110814   -0.67    -1.18    0.73     0.90     8.8734e+07
0.107257     0.00110814   -1.34    -1.18    0.73     0.90     8.7855e+07
0.107257     0.00110814   -2.02    -1.18    0.73     0.90     9.2016e+07
0.107257     0.00110814   -2.69    -1.18    0.73     0.90     8.8596e+07
0.107257     0.00110814   -3.36    -1.18    0.73     0.90     8.6940e+07
0.107257     0.00110814   -4.03    -1.18    0.73     0.90     9.6681e+07
0.107257     0.00110814   -4.70    -1.18    0.73     0.90     8.8119e+07
0.107257     0.00110814   -5.38    -1.18    0.73     0.90     1.0114e+08
0.107257     0.00110814    5.04    -1.77    0.73     0.90     7.1671e+07
0.107257     0.00110814    4.37    -1.77    0.73     0.90     6.8973e+07
0.107257     0.00110814    3.70    -1.77    0.73     0.90     5.7220e+07
0.107257     0.00110814    3.02    -1.77    0.73     0.90     6.6483e+07
0.107257     0.00110814    2.35    -1.77    0.73     0.90     6.6285e+07
0.107257     0.00110814    1.68    -1.77    0.73     0.90     6.2819e+07
0.107257     0.00110814    1.01    -1.77    0.73     0.90     6.7235e+07
0.107257     0.00110814    0.34    -1.77    0.73     0.90     6.4374e+07
0.107257     0.00110814   -0.34    -1.77    0.73     0.90     6.4354e+07
0.107257     0.00110814   -1.01    -1.77    0.73     0.90     6.7093e+07
0.107257     0.00110814   -1.68    -1.77    0.73     0.90     6.2601e+07
0.107257     0.00110814   -2.35    -1.77    0.73     0.90     6.6173e+07
0.107257     0.00110814   -3.02    -1.77    0.73     0.90     6.6330e+07
0.107257     0.00110814   -3.70    -1.77    0.73     0.90     5.7144e+07
0.107257     0.00110814   -4.37    -1.77    0.73     0.90     6.9115e+07
0.107257     0.00110814   -5.04    -1.77    0.73     0.90     7.1391e+07
0.103985     0.00112727    5.47     1.20    0.74     0.90     2.0957e+07
0.103985     0.00112727    4.78     1.20    0.74     0.90     4.2083e+07
0.103985     0.00112727    4.10     1.20    0.74     0.90     4.6375e+07
0.103985     0.00112727    3.42     1.20    0.74     0.90     3.9093e+07
0.103985     0.00112727    2.73     1.20    0.74     0.90     4.6221e+07
0.103985     0.00112727    2.05     1.20    0.74     0.90     4.0943e+07
0.103985     0.00112727    1.37     1.20    0.74     0.90     4.3669e+07
0.103985     0.00112727    0.68     1.20    0.74     0.90     4.5201e+07
0.103985     0.00112727   -0.00     1.20    0.74     0.90     4.1312e+07
0.103985     0.00112727   -0.68     1.20    0.74     0.90     4.5201e+07
0.103985     0.00112727   -1.37     1.20    0.74     0.90     4.3779e+07
0.103985     0.00112727   -2.05     1.20    0.74     0.90     4.1058e+07
0.103985     0.00112727   -2.73     1.20    0.74     0.90     4.6380e+07
0.103985     0.00112727   -3.42     1.20    0.74     0.90     3.9113e+07
0.103985     0.00112727   -4.10     1.20    0.74     0.90     4.6495e+07
0.103985     0.00112727   -4.78     1.20    0.74     0.90     4.2257e+07
0.103985     0.00112727   -5.47     1.20    0.74     0.90     2.0962e+07
0.103985     0.00112727   -5.81     0.60    0.74     0.90     1.4435e+07
0.103985     0.00112727   -5.13     0.60    0.74     0.90     5.2827e+07
0.103985     0.00112727   -4.44     0.60    0.74     0.90     2.3329e+06
0.103985     0.00112727   -3.76     0.60    0.74     0.90     2.4777e+07
0.103985     0.00112727   -3.08     0.60    0.74     0.90     1.9713e+07
0.103985     0.00112727   -2.39     0.60    0.74     0.90     1.5873e+07
0.103985     0.00112727   -1.71     0.60    0.74     0.90     2.0574e+07
0.103985     0.00112727   -1.03     0.60    0.74     0.90     1.7117e+07
0.103985     0.00112727   -0.34     0.60    0.74     0.90     1.8435e+07
0.103985     0.00112727    0.34     0.60    0.74     0.90     1.8514e+07
0.103985     0.00112727    1.03     0.60    0.74     0.90     1.7077e+07
0.103985     0.00112727    1.71     0.60    0.74     0.90     2.0643e+07
0.103985     0.00112727    2.39     0.60    0.74     0.90     1.5948e+07
0.103985     0.00112727    3.08     0.60    0.74     0.90     1.9818e+07
0.103985     0.00112727    3.76     0.60    0.74     0.90     2.4842e+07
0.103985     0.00112727    4.44     0.60    0.74     0.90     2.4971e+06
0.103985     0.00112727    5.13     0.60    0.74     0.90     5.2817e+07
0.103985     0.00112727    5.81     0.60    0.74     0.90     1.4470e+07
0.103985     0.00112727    5.47    -0.00    0.74     0.90     3.7621e+07
0.103985     0.00112727    4.78    -0.00    0.74     0.90     1.4127e+07
0.103985     0.00112727    4.10    -0.00    0.74     0.90     4.7072e+07
0.103985     0.00112727    3.42    -0.00    0.74     0.90     2.0116e+07
0.103985     0.00112727    2.73    -0.00    0.74     0.90     3.7054e+07
0.103985     0.00112727    2.05    -0.00    0.74     0.90     3.0443e+07
0.103985     0.00112727    1.37    -0.00    0.74     0.90     3.1050e+07
0.103985     0.00112727    0.68    -0.00    0.74     0.90     3.3696e+07
0.103985     0.00112727   -0.00    -0.00    0.74     0.90     3.0090e+07
0.103985     0.00112727   -0.68    -0.00    0.74     0.90     3.3686e+07
0.103985     0.00112727   -1.37    -0.00    0.74     0.90     3.1005e+07
0.103985     0.00112727   -2.05    -0.00    0.74     0.90     3.0468e+07
0.103985     0.00112727   -2.73    -0.00    0.74     0.90     3.7143e+07
0.103985     0.00112727   -3.42    -0.00    0.74     0.90     2.0106e+07
0.103985     0.00112727   -4.10    -0.00    0.74     0.90     4.7186e+07
0.103985     0.00112727   -4.78    -0.00    0.74     0.90     1.4162e+07
0.103985     0.00112727   -5.47    -0.00    0.74     0.90     3.7561e+07
0.103985     0.00112727   -5.81    -0.60    0.74     0.90     1.1749e+07
0.103985     0.00112727   -5.13    -0.60    0.74     0.90     4.1774e+07
0.103985     0.00112727   -4.44    -0.60    0.74     0.90     1.4520e+07
0.103985     0.00112727   -3.76    -0.60    0.74     0.90     2.6508e+07
0.103985     0.00112727   -3.08    -0.60    0.74     0.90     2.3215e+07
0.103985     0.00112727   -2.39    -0.60    0.74     0.90     2.2066e+07
0.103985     0.00112727   -1.71    -0.60    0.74     0.90     2.4573e+07
0.103985     0.00112727   -1.03    -0.60    0.74     0.90     2.2553e+07
0.103985     0.00112727   -0.34    -0.60    0.74     0.90     2.3344e+07
0.103985     0.00112727    0.34    -0.60    0.74     0.90     2.3374e+07
0.103985     0.00112727    1.03    -0.60    0.74     0.90     2.2563e+07
0.103985     0.00112727    1.71    -0.60    0.74     0.90     2.4777e+07
0.103985     0.00112727    2.39    -0.60    0.74     0.90     2.1962e+07
0.103985     0.00112727    3.08    -0.60    0.74     0.90     2.3484e+07
0.103985     0.00112727    3.76    -0.60    0.74     0.90     2.6419e+07
0.103985     0.00112727    4.44    -0.60    0.74     0.90     1.4729e+07
0.103985     0.00112727    5.13    -0.60    0.74     0.90     4.1625e+07
0.103985     0.00112727    5.81    -0.60    0.74     0.90     1.1789e+07
0.103985     0.00112727    5.47    -1.20    0.74     0.90     4.1904e+07
0.103985     0.00112727    4.78    -1.20    0.74     0.90     2.3633e+07
0.103985     0.00112727    4.10    -1.20    0.74     0.90     2.9607e+07
0.103985     0.00112727    3.42    -1.20    0.74     0.90     2.8592e+07
0.103985     0.00112727    2.73    -1.20    0.74     0.90     2.8577e+07
0.103985     0.00112727    2.05    -1.20    0.74     0.90     2.7926e+07
0.103985     0.00112727    1.37    -1.20    0.74     0.90     2.7752e+07
0.103985     0.00112727    0.68    -1.20    0.74     0.90     2.8950e+07
0.103985     0.00112727   -0.00    -1.20    0.74     0.90     2.7095e+07
0.103985     0.00112727   -0.68    -1.20    0.74     0.90     2.8970e+07
0.103985     0.00112727   -1.37    -1.20    0.74     0.90     2.7931e+07
0.103985     0.00112727   -2.05    -1.20    0.74     0.90     2.7901e+07
0.103985     0.00112727   -2.73    -1.20    0.74     0.90     2.8602e+07
0.103985     0.00112727   -3.42    -1.20    0.74     0.90     2.8627e+07
0.103985     0.00112727   -4.10    -1.20    0.74     0.90     2.9508e+07
0.103985     0.00112727   -4.78    -1.20    0.74     0.90     2.3708e+07
0.103985     0.00112727   -5.47    -1.20    0.74     0.90     4.1809e+07
0.103985     0.00112727   -5.13    -1.80    0.74     0.90     3.4547e+07
0.103985     0.00112727   -4.44    -1.80    0.74     0.90     3.4009e+07
0.103985     0.00112727   -3.76    -1.80    0.74     0.90     2.9876e+07
0.103985     0.00112727   -3.08    -1.80    0.74     0.90     3.3855e+07
0.103985     0.00112727   -2.39    -1.80    0.74     0.90     3.4154e+07
0.103985     0.00112727   -1.71    -1.80    0.74     0.90     3.1358e+07
0.103985     0.00112727   -1.03    -1.80    0.74     0.90     3.5561e+07
0.103985     0.00112727   -0.34    -1.80    0.74     0.90     3.2806e+07
0.103985     0.00112727    0.34    -1.80    0.74     0.90     3.2786e+07
0.103985     0.00112727    1.03    -1.80    0.74     0.90     3.5571e+07
0.103985     0.00112727    1.71    -1.80    0.74     0.90     3.1318e+07
0.103985     0.00112727    2.39    -1.80    0.74     0.90     3.4109e+07
0.103985     0.00112727    3.08    -1.80    0.74     0.90     3.3771e+07
0.103985     0.00112727    3.76    -1.80    0.74     0.90     2.9831e+07
0.103985     0.00112727    4.44    -1.80    0.74     0.90     3.3940e+07
0.103985     0.00112727    5.13    -1.80    0.74     0.90     3.4661e+07
0.100724     0.00114094   -5.56     1.22    0.75     0.91     9.1139e+06
0.100724     0.00114094   -4.86     1.22    0.75     0.91     2.7337e+07
0.100724     0.00114094   -4.17     1.22    0.75     0.91     2.7103e+07
0.100724     0.00114094   -3.47     1.22    0.75     0.91     2.2850e+07
0.100724     0.00114094   -2.78     1.22    0.75     0.91     2.8631e+07
0.100724     0.00114094   -2.08     1.22    0.75     0.91     2.5167e+07
0.100724     0.00114094   -1.39     1.22    0.75     0.91     2.5546e+07
0.100724     0.00114094   -0.69     1.22    0.75     0.91     2.7415e+07
0.100724     0.00114094   -0.00     1.22    0.75     0.91     2.4665e+07
0.100724     0.00114094    0.69     1.22    0.75     0.91     2.7390e+07
0.100724     0.00114094    1.39     1.22    0.75     0.91     2.5619e+07
0.100724     0.00114094    2.08     1.22    0.75     0.91     2.5215e+07
0.100724     0.00114094    2.78     1.22    0.75     0.91     2.8689e+07
0.100724     0.00114094    3.47     1.22    0.75     0.91     2.2894e+07
0.100724     0.00114094    4.17     1.22    0.75     0.91     2.7093e+07
0.100724     0.00114094    4.86     1.22    0.75     0.91     2.7322e+07
0.100724     0.00114094    5.56     1.22    0.75     0.91     9.1236e+06
0.100724     0.00114094    5.91     0.61    0.75     0.91     5.3039e+06
0.100724     0.00114094    5.21     0.61    0.75     0.91     4.0713e+07
0.100724     0.00114094    4.52     0.61    0.75     0.91     1.0316e+07
0.100724     0.00114094    3.82     0.61    0.75     0.91     2.3220e+07
0.100724     0.00114094    3.13     0.61    0.75     0.91     1.9697e+07
0.100724     0.00114094    2.43     0.61    0.75     0.91     1.6894e+07
0.100724     0.00114094    1.74     0.61    0.75     0.91     2.2179e+07
0.100724     0.00114094    1.04     0.61    0.75     0.91     1.8019e+07
0.100724     0.00114094    0.35     0.61    0.75     0.91     1.9945e+07
0.100724     0.00114094   -0.35     0.61    0.75     0.91     1.9960e+07
0.100724     0.00114094   -1.04     0.61    0.75     0.91     1.8023e+07
0.100724     0.00114094   -1.74     0.61    0.75     0.91     2.2266e+07
0.100724     0.00114094   -2.43     0.61    0.75     0.91     1.6856e+07
0.100724     0.00114094   -3.13     0.61    0.75     0.91     1.9678e+07
0.100724     0.00114094   -3.82     0.61    0.75     0.91     2.3172e+07
0.100724     0.00114094   -4.52     0.61    0.75     0.91     1.0223e+07
0.100724     0.00114094   -5.21     0.61    0.75     0.91     4.0699e+07
0.100724     0.00114094   -5.91     0.61    0.75     0.91     5.3087e+06
0.100724     0.00114094   -5.56     0.00    0.75     0.91     1.9357e+07
0.100724     0.00114094   -4.86     0.00    0.75     0.91     1.4223e+07
0.100724     0.00114094   -4.17     0.00    0.75     0.91     3.0242e+07
0.100724     0.00114094   -3.47     0.00    0.75     0.91     1.4340e+07
0.100724     0.00114094   -2.78     0.00    0.75     0.91     2.7201e+07
0.100724     0.00114094   -2.08     0.00    0.75     0.91     1.9444e+07
0.100724     0.00114094   -1.39     0.00    0.75     0.91     2.2262e+07
0.100724     0.00114094   -0.69     0.00    0.75     0.91     2.1955e+07
0.100724     0.00114094   -0.00     0.00    0.75     0.91     2.1717e+07
0.100724     0.00114094    0.69     0.00    0.75     0.91     2.1940e+07
0.100724     0.00114094    1.39     0.00    0.75     0.91     2.2242e+07
0.100724     0.00114094    2.08     0.00    0.75     0.91     1.9464e+07
0.100724     0.00114094    2.78     0.00    0.75     0.91     2.7171e+07
0.100724     0.00114094    3.47     0.00    0.75     0.91     1.4384e+07
0.100724     0.00114094    4.17     0.00    0.75     0.91     3.0149e+07
0.100724     0.00114094    4.86     0.00    0.75     0.91     1.4189e+07
0.100724     0.00114094    5.56     0.00    0.75     0.91     1.9391e+07
0.100724     0.00114094    5.91    -0.61    0.75     0.91     3.7127e+06
0.100724     0.00114094    5.21    -0.61    0.75     0.91     3.1497e+07
0.100724     0.00114094    4.52    -0.61    0.75     0.91     1.1226e+07
0.100724     0.00114094    3.82    -0.61    0.75     0.91     2.0646e+07
0.100724     0.00114094    3.13    -0.61    0.75     0.91     1.8510e+07
0.100724     0.00114094    2.43    -0.61    0.75     0.91     1.6992e+07
0.100724     0.00114094    1.74    -0.61    0.75     0.91     1.9619e+07
0.100724     0.00114094    1.04    -0.61    0.75     0.91     1.7328e+07
0.100724     0.00114094    0.35    -0.61    0.75     0.91     1.8476e+07
0.100724     0.00114094   -0.35    -0.61    0.75     0.91     1.8505e+07
0.100724     0.00114094   -1.04    -0.61    0.75     0.91     1.7332e+07
0.100724     0.00114094   -1.74    -0.61    0.75     0.91     1.9702e+07
0.100724     0.00114094   -2.43    -0.61    0.75     0.91     1.7006e+07
0.100724     0.00114094   -3.13    -0.61    0.75     0.91     1.8491e+07
0.100724     0.00114094   -3.82    -0.61    0.75     0.91     2.0666e+07
0.100724     0.00114094   -4.52    -0.61    0.75     0.91     1.1172e+07
0.100724     0.00114094   -5.21    -0.61    0.75     0.91     3.1453e+07
0.100724     0.00114094   -5.91    -0.61    0.75     0.91     3.7176e+06
0.100724     0.00114094   -5.56    -1.22    0.75     0.91     2.1206e+07
0.100724     0.00114094   -4.86    -1.22    0.75     0.91     2.7585e+07
0.100724     0.00114094   -4.17    -1.22    0.75     0.91     2.2943e+07
0.100724     0.00114094   -3.47    -1.22    0.75     0.91     2.5035e+07
0.100724     0.00114094   -2.78    -1.22    0.75     0.91     2.3274e+07
0.100724     0.00114094   -2.08    -1.22    0.75     0.91     2.5011e+07
0.100724     0.00114094   -1.39    -1.22    0.75     0.91     2.4261e+07
0.100724     0.00114094   -0.69    -1.22    0.75     0.91     2.4695e+07
0.100724     0.00114094   -0.00    -1.22    0.75     0.91     2.4344e+07
0.100724     0.00114094    0.69    -1.22    0.75     0.91     2.4695e+07
0.100724     0.00114094    1.39    -1.22    0.75     0.91     2.4227e+07
0.100724     0.00114094    2.08    -1.22    0.75     0.91     2.5030e+07
0.100724     0.00114094    2.78    -1.22    0.75     0.91     2.3298e+07
0.100724     0.00114094    3.47    -1.22    0.75     0.91     2.5069e+07
0.100724     0.00114094    4.17    -1.22    0.75     0.91     2.2977e+07
0.100724     0.00114094    4.86    -1.22    0.75     0.91     2.7541e+07
0.100724     0.00114094    5.56    -1.22    0.75     0.91     2.1249e+07
0.100724     0.00114094    5.21    -1.83    0.75     0.91     1.7853e+07
0.100724     0.00114094    4.52    -1.83    0.75     0.91     2.1999e+07
0.100724     0.00114094    3.82    -1.83    0.75     0.91     1.7045e+07
0.100724     0.00114094    3.13    -1.83    0.75     0.91     1.9308e+07
0.100724     0.00114094    2.43    -1.83    0.75     0.91     2.0106e+07
0.100724     0.00114094    1.74    -1.83    0.75     0.91     1.8106e+07
0.100724     0.00114094    1.04    -1.83    0.75     0.91     2.0004e+07
0.100724     0.00114094    0.35    -1.83    0.75     0.91     1.8938e+07
0.100724     0.00114094   -0.35    -1.83    0.75     0.91     1.8948e+07
0.100724     0.00114094   -1.04    -1.83    0.75     0.91     1.9975e+07
0.100724     0.00114094   -1.74    -1.83    0.75     0.91     1.8043e+07
0.100724     0.00114094   -2.43    -1.83    0.75     0.91     2.0106e+07
0.100724     0.00114094   -3.13    -1.83    0.75     0.91     1.9308e+07
0.100724     0.00114094   -3.82    -1.83    0.75     0.91     1.7026e+07
0.100724     0.00114094   -4.52    -1.83    0.75     0.91     2.2028e+07
0.100724     0.00114094   -5.21    -1.83    0.75     0.91     1.7746e+07
0.097464     0.00116734   -5.67     1.24    0.76     0.92     2.7600e+06
0.097464     0.00116734   -4.96     1.24    0.76     0.92     1.9800e+07
0.097464     0.00116734   -4.25     1.24    0.76     0.92     2.1861e+07
0.097464     0.00116734   -3.54     1.24    0.76     0.92     1.9210e+07
0.097464     0.00116734   -2.84     1.24    0.76     0.92     2.0598e+07
0.097464     0.00116734   -2.13     1.24    0.76     0.92     2.0089e+07
0.097464     0.00116734   -1.42     1.24    0.76     0.92     1.9690e+07
0.097464     0.00116734   -0.71     1.24    0.76     0.92     2.0792e+07
0.097464     0.00116734   -0.00     1.24    0.76     0.92     2.0142e+07
0.097464     0.00116734    0.71     1.24    0.76     0.92     2.0807e+07
0.097464     0.00116734    1.42     1.24    0.76     0.92     1.9686e+07
0.097464     0.00116734    2.13     1.24    0.76     0.92     2.0113e+07
0.097464     0.00116734    2.84     1.24    0.76     0.92     2.0569e+07
0.097464     0.00116734    3.54     1.24    0.76     0.92     1.9115e+07
0.097464     0.00116734    4.25     1.24    0.76     0.92     2.1837e+07
0.097464     0.00116734    4.96     1.24    0.76     0.92     1.9809e+07
0.097464     0.00116734    5.67     1.24    0.76     0.92     2.7742e+06
0.097464     0.00116734    6.03     0.62    0.76     0.92     1.0213e+06
0.097464     0.00116734    5.32     0.62    0.76     0.92     3.3044e+07
0.097464     0.00116734    4.61     0.62    0.76     0.92     1.1529e+07
0.097464     0.00116734    3.90     0.62    0.76     0.92     1.7021e+07
0.097464     0.00116734    3.19     0.62    0.76     0.92     1.6351e+07
0.097464     0.00116734    2.48     0.62    0.76     0.92     1.5662e+07
0.097464     0.00116734    1.77     0.62    0.76     0.92     1.6921e+07
0.097464     0.00116734    1.06     0.62    0.76     0.92     1.5700e+07
0.097464     0.00116734    0.35     0.62    0.76     0.92     1.6973e+07
0.097464     0.00116734   -0.35     0.62    0.76     0.92     1.6930e+07
0.097464     0.00116734   -1.06     0.62    0.76     0.92     1.5705e+07
0.097464     0.00116734   -1.77     0.62    0.76     0.92     1.6921e+07
0.097464     0.00116734   -2.48     0.62    0.76     0.92     1.5676e+07
0.097464     0.00116734   -3.19     0.62    0.76     0.92     1.6351e+07
0.097464     0.00116734   -3.90     0.62    0.76     0.92     1.6973e+07
0.097464     0.00116734   -4.61     0.62    0.76     0.92     1.1505e+07
0.097464     0.00116734   -5.32     0.62    0.76     0.92     3.3063e+07
0.097464     0.00116734   -6.03     0.62    0.76     0.92     1.0356e+06
0.097464     0.00116734   -5.67    -0.00    0.76     0.92     1.1026e+07
0.097464     0.00116734   -4.96    -0.00    0.76     0.92     1.5538e+07
0.097464     0.00116734   -4.25    -0.00    0.76     0.92     2.1092e+07
0.097464     0.00116734   -3.54    -0.00    0.76     0.92     1.6042e+07
0.097464     0.00116734   -2.84    -0.00    0.76     0.92     1.9324e+07
0.097464     0.00116734   -2.13    -0.00    0.76     0.92     1.7258e+07
0.097464     0.00116734   -1.42    -0.00    0.76     0.92     1.8773e+07
0.097464     0.00116734   -0.71    -0.00    0.76     0.92     1.8104e+07
0.097464     0.00116734   -0.00    -0.00    0.76     0.92     1.7553e+07
0.097464     0.00116734    0.71    -0.00    0.76     0.92     1.8056e+07
0.097464     0.00116734    1.42    -0.00    0.76     0.92     1.8826e+07
0.097464     0.00116734    2.13    -0.00    0.76     0.92     1.7268e+07
0.097464     0.00116734    2.84    -0.00    0.76     0.92     1.9343e+07
0.097464     0.00116734    3.54    -0.00    0.76     0.92     1.6080e+07
0.097464     0.00116734    4.25    -0.00    0.76     0.92     2.1063e+07
0.097464     0.00116734    4.96    -0.00    0.76     0.92     1.5534e+07
0.097464     0.00116734    5.67    -0.00    0.76     0.92     1.1064e+07
0.097464     0.00116734    6.03    -0.62    0.76     0.92     9.5007e+05
0.097464     0.00116734    5.32    -0.62    0.76     0.92     2.7419e+07
0.097464     0.00116734    4.61    -0.62    0.76     0.92     7.5246e+06
0.097464     0.00116734    3.90    -0.62    0.76     0.92     1.8674e+07
0.097464     0.00116734    3.19    -0.62    0.76     0.92     1.2066e+07
0.097464     0.00116734    2.48    -0.62    0.76     0.92     1.5600e+07
0.097464     0.00116734    1.77    -0.62    0.76     0.92     1.4408e+07
0.097464     0.00116734    1.06    -0.62    0.76     0.92     1.4707e+07
0.097464     0.00116734    0.35    -0.62    0.76     0.92     1.4370e+07
0.097464     0.00116734   -0.35    -0.62    0.76     0.92     1.4356e+07
0.097464     0.00116734   -1.06    -0.62    0.76     0.92     1.4698e+07
0.097464     0.00116734   -1.77    -0.62    0.76     0.92     1.4389e+07
0.097464     0.00116734   -2.48    -0.62    0.76     0.92     1.5567e+07
0.097464     0.00116734   -3.19    -0.62    0.76     0.92     1.2099e+07
0.097464     0.00116734   -3.90    -0.62    0.76     0.92     1.8664e+07
0.097464     0.00116734   -4.61    -0.62    0.76     0.92     7.4581e+06
0.097464     0.00116734   -5.32    -0.62    0.76     0.92     2.7486e+07
0.097464     0.00116734   -5.67    -1.24    0.76     0.92     1.0228e+07
0.097464     0.00116734   -4.96    -1.24    0.76     0.92     2.8440e+07
0.097464     0.00116734   -4.25    -1.24    0.76     0.92     1.6489e+07
0.097464     0.00116734   -3.54    -1.24    0.76     0.92     2.2023e+07
0.097464     0.00116734   -2.84    -1.24    0.76     0.92     2.0180e+07
0.097464     0.00116734   -2.13    -1.24    0.76     0.92     2.0260e+07
0.097464     0.00116734   -1.42    -1.24    0.76     0.92     2.0659e+07
0.097464     0.00116734   -0.71    -1.24    0.76     0.92     2.0241e+07
0.097464     0.00116734   -0.00    -1.24    0.76     0.92     2.1495e+07
0.097464     0.00116734    0.71    -1.24    0.76     0.92     2.0275e+07
0.097464     0.00116734    1.42    -1.24    0.76     0.92     2.0631e+07
0.097464     0.00116734    2.13    -1.24    0.76     0.92     2.0265e+07
0.097464     0.00116734    2.84    -1.24    0.76     0.92     2.0213e+07
0.097464     0.00116734    3.54    -1.24    0.76     0.92     2.2070e+07
0.097464     0.00116734    4.25    -1.24    0.76     0.92     1.6479e+07
0.097464     0.00116734    4.96    -1.24    0.76     0.92     2.8398e+07
0.097464     0.00116734    5.67    -1.24    0.76     0.92     1.0266e+07
0.097464     0.00116734    5.32    -1.87    0.76     0.92     8.8214e+06
0.097464     0.00116734    4.61    -1.87    0.76     0.92     1.6607e+07
0.097464     0.00116734    3.90    -1.87    0.76     0.92     1.4403e+07
0.097464     0.00116734    3.19    -1.87    0.76     0.92     1.3581e+07
0.097464     0.00116734    2.48    -1.87    0.76     0.92     1.4698e+07
0.097464     0.00116734    1.77    -1.87    0.76     0.92     1.3767e+07
0.097464     0.00116734    1.06    -1.87    0.76     0.92     1.4403e+07
0.097464     0.00116734    0.35    -1.87    0.76     0.92     1.4322e+07
0.097464     0.00116734   -0.35    -1.87    0.76     0.92     1.4308e+07
0.097464     0.00116734   -1.06    -1.87    0.76     0.92     1.4408e+07
0.097464     0.00116734   -1.77    -1.87    0.76     0.92     1.3762e+07
0.097464     0.00116734   -2.48    -1.87    0.76     0.92     1.4731e+07
0.097464     0.00116734   -3.19    -1.87    0.76     0.92     1.3577e+07
0.097464     0.00116734   -3.90    -1.87    0.76     0.92     1.4413e+07
0.097464     0.00116734   -4.61    -1.87    0.76     0.92     1.6560e+07
0.097464     0.00116734   -5.32    -1.87    0.76     0.92     8.7027e+06
0.094197     0.00118000   -5.06     1.27    0.77     0.93     1.3303e+07
0.094197     0.00118000   -4.34     1.27    0.77     0.93     1.6094e+07
0.094197     0.00118000   -3.62     1.27    0.77     0.93     1.5017e+07
0.094197     0.00118000   -2.89     1.27    0.77     0.93     1.5281e+07
0.094197     0.00118000   -2.17     1.27    0.77     0.93     1.4808e+07
0.094197     0.00118000   -1.45     1.27    0.77     0.93     1.5592e+07
0.094197     0.00118000   -0.72     1.27    0.77     0.93     1.4956e+07
0.094197     0.00118000   -0.00     1.27    0.77     0.93     1.4831e+07
0.094197     0.00118000    0.72     1.27    0.77     0.93     1.4970e+07
0.094197     0.00118000    1.45     1.27    0.77     0.93     1.5579e+07
0.094197     0.00118000    2.17     1.27    0.77     0.93     1.4873e+07
0.094197     0.00118000    2.89     1.27    0.77     0.93     1.5263e+07
0.094197     0.00118000    3.62     1.27    0.77     0.93     1.4970e+07
0.094197     0.00118000    4.34     1.27    0.77     0.93     1.6103e+07
0.094197     0.00118000    5.06     1.27    0.77     0.93     1.3335e+07
0.094197     0.00118000    5.42     0.63    0.77     0.93     2.3307e+07
0.094197     0.00118000    4.70     0.63    0.77     0.93     1.5151e+07
0.094197     0.00118000    3.98     0.63    0.77     0.93     1.3632e+07
0.094197     0.00118000    3.25     0.63    0.77     0.93     1.4859e+07
0.094197     0.00118000    2.53     0.63    0.77     0.93     1.4561e+07
0.094197     0.00118000    1.81     0.63    0.77     0.93     1.4538e+07
0.094197     0.00118000    1.08     0.63    0.77     0.93     1.4636e+07
0.094197     0.00118000    0.36     0.63    0.77     0.93     1.4023e+07
0.094197     0.00118000   -0.36     0.63    0.77     0.93     1.3971e+07
0.094197     0.00118000   -1.08     0.63    0.77     0.93     1.4696e+07
0.094197     0.00118000   -1.81     0.63    0.77     0.93     1.4510e+07
0.094197     0.00118000   -2.53     0.63    0.77     0.93     1.4566e+07
0.094197     0.00118000   -3.25     0.63    0.77     0.93     1.4854e+07
0.094197     0.00118000   -3.98     0.63    0.77     0.93     1.3595e+07
0.094197     0.00118000   -4.70     0.63    0.77     0.93     1.5165e+07
0.094197     0.00118000   -5.42     0.63    0.77     0.93     2.3317e+07
0.094197     0.00118000   -5.78    -0.00    0.77     0.93     4.4172e+06
0.094197     0.00118000   -5.06    -0.00    0.77     0.93     1.4854e+07
0.094197     0.00118000   -4.34    -0.00    0.77     0.93     1.2592e+07
0.094197     0.00118000   -3.62    -0.00    0.77     0.93     1.4362e+07
0.094197     0.00118000   -2.89    -0.00    0.77     0.93     1.3855e+07
0.094197     0.00118000   -2.17    -0.00    0.77     0.93     1.3094e+07
0.094197     0.00118000   -1.45    -0.00    0.77     0.93     1.3976e+07
0.094197     0.00118000   -0.72    -0.00    0.77     0.93     1.3089e+07
0.094197     0.00118000   -0.00    -0.00    0.77     0.93     1.4803e+07
0.094197     0.00118000    0.72    -0.00    0.77     0.93     1.3080e+07
0.094197     0.00118000    1.45    -0.00    0.77     0.93     1.4041e+07
0.094197     0.00118000    2.17    -0.00    0.77     0.93     1.3038e+07
0.094197     0.00118000    2.89    -0.00    0.77     0.93     1.3911e+07
0.094197     0.00118000    3.62    -0.00    0.77     0.93     1.4334e+07
0.094197     0.00118000    4.34    -0.00    0.77     0.93     1.2532e+07
0.094197     0.00118000    5.06    -0.00    0.77     0.93     1.4914e+07
0.094197     0.00118000    5.78    -0.00    0.77     0.93     4.4358e+06
0.094197     0.00118000    5.42    -0.63    0.77     0.93     1.8835e+07
0.094197     0.00118000    4.70    -0.63    0.77     0.93     8.0865e+06
0.094197     0.00118000    3.98    -0.63    0.77     0.93     1.4794e+07
0.094197     0.00118000    3.25    -0.63    0.77     0.93     8.9830e+06
0.094197     0.00118000    2.53    -0.63    0.77     0.93     1.3103e+07
0.094197     0.00118000    1.81    -0.63    0.77     0.93     1.0571e+07
0.094197     0.00118000    1.08    -0.63    0.77     0.93     1.1700e+07
0.094197     0.00118000    0.36    -0.63    0.77     0.93     1.1370e+07
0.094197     0.00118000   -0.36    -0.63    0.77     0.93     1.1370e+07
0.094197     0.00118000   -1.08    -0.63    0.77     0.93     1.1691e+07
0.094197     0.00118000   -1.81    -0.63    0.77     0.93     1.0558e+07
0.094197     0.00118000   -2.53    -0.63    0.77     0.93     1.3117e+07
0.094197     0.00118000   -3.25    -0.63    0.77     0.93     9.0480e+06
0.094197     0.00118000   -3.98    -0.63    0.77     0.93     1.4794e+07
0.094197     0.00118000   -4.70    -0.63    0.77     0.93     8.0865e+06
0.094197     0.00118000   -5.42    -0.63    0.77     0.93     1.8881e+07
0.094197     0.00118000   -5.78    -1.27    0.77     0.93     3.8226e+06
0.094197     0.00118000   -5.06    -1.27    0.77     0.93     2.4980e+07
0.094197     0.00118000   -4.34    -1.27    0.77     0.93     1.5012e+07
0.094197     0.00118000   -3.62    -1.27    0.77     0.93     1.8050e+07
0.094197     0.00118000   -2.89    -1.27    0.77     0.93     1.8658e+07
0.094197     0.00118000   -2.17    -1.27    0.77     0.93     1.6786e+07
0.094197     0.00118000   -1.45    -1.27    0.77     0.93     1.8872e+07
0.094197     0.00118000   -0.72    -1.27    0.77     0.93     1.6967e+07
0.094197     0.00118000   -0.00    -1.27    0.77     0.93     1.8026e+07
0.094197     0.00118000    0.72    -1.27    0.77     0.93     1.6953e+07
0.094197     0.00118000    1.45    -1.27    0.77     0.93     1.8807e+07
0.094197     0.00118000    2.17    -1.27    0.77     0.93     1.6791e+07
0.094197     0.00118000    2.89    -1.27    0.77     0.93     1.8644e+07
0.094197     0.00118000    3.62    -1.27    0.77     0.93     1.8073e+07
0.094197     0.00118000    4.34    -1.27    0.77     0.93     1.4905e+07
0.094197     0.00118000    5.06    -1.27    0.77     0.93     2.5003e+07
0.094197     0.00118000    5.78    -1.27    0.77     0.93     3.8598e+06
0.094197     0.00118000    5.42    -1.90    0.77     0.93     3.9852e+06
0.094197     0.00118000    4.70    -1.90    0.77     0.93     1.1435e+07
0.094197     0.00118000    3.98    -1.90    0.77     0.93     1.0595e+07
0.094197     0.00118000    3.25    -1.90    0.77     0.93     9.7261e+06
0.094197     0.00118000    2.53    -1.90    0.77     0.93     1.0734e+07
0.094197     0.00118000    1.81    -1.90    0.77     0.93     1.0107e+07
0.094197     0.00118000    1.08    -1.90    0.77     0.93     1.0502e+07
0.094197     0.00118000    0.36    -1.90    0.77     0.93     1.0195e+07
0.094197     0.00118000   -0.36    -1.90    0.77     0.93     1.0195e+07
0.094197     0.00118000   -1.08    -1.90    0.77     0.93     1.0516e+07
0.094197     0.00118000   -1.81    -1.90    0.77     0.93     1.0112e+07
0.094197     0.00118000   -2.53    -1.90    0.77     0.93     1.0762e+07
0.094197     0.00118000   -3.25    -1.90    0.77     0.93     9.7076e+06
0.094197     0.00118000   -3.98    -1.90    0.77     0.93     1.0604e+07
0.094197     0.00118000   -4.70    -1.90    0.77     0.93     1.1356e+07
0.094197     0.00118000   -5.42    -1.90    0.77     0.93     3.8877e+06
0.090923     0.00117998   -5.16     1.30    0.77     0.94     6.9861e+06
0.090923     0.00117998   -4.42     1.30    0.77     0.94     1.1989e+07
0.090923     0.00117998   -3.69     1.30    0.77     0.94     1.2062e+07
0.090923     0.00117998   -2.95     1.30    0.77     0.94     1.1725e+07
0.090923     0.00117998   -2.21     1.30    0.77     0.94     1.1498e+07
0.090923     0.00117998   -1.47     1.30    0.77     0.94     1.1803e+07
0.090923     0.00117998   -0.74     1.30    0.77     0.94     1.1548e+07
0.090923     0.00117998    0.00     1.30    0.77     0.94     1.1198e+07
0.090923     0.00117998    0.74     1.30    0.77     0.94     1.1539e+07
0.090923     0.00117998    1.47     1.30    0.77     0.94     1.1830e+07
0.090923     0.00117998    2.21     1.30    0.77     0.94     1.1562e+07
0.090923     0.00117998    2.95     1.30    0.77     0.94     1.1698e+07
0.090923     0.00117998    3.69     1.30    0.77     0.94     1.2148e+07
0.090923     0.00117998    4.42     1.30    0.77     0.94     1.2080e+07
0.090923     0.00117998    5.16     1.30    0.77     0.94     7.0271e+06
0.090923     0.00117998    5.53     0.65    0.77     0.94     1.3117e+07
0.090923     0.00117998    4.79     0.65    0.77     0.94     1.6933e+07
0.090923     0.00117998    4.05     0.65    0.77     0.94     1.3126e+07
0.090923     0.00117998    3.32     0.65    0.77     0.94     1.3840e+07
0.090923     0.00117998    2.58     0.65    0.77     0.94     1.4536e+07
0.090923     0.00117998    1.84     0.65    0.77     0.94     1.3285e+07
0.090923     0.00117998    1.11     0.65    0.77     0.94     1.4350e+07
0.090923     0.00117998    0.37     0.65    0.77     0.94     1.3349e+07
0.090923     0.00117998   -0.37     0.65    0.77     0.94     1.3340e+07
0.090923     0.00117998   -1.11     0.65    0.77     0.94     1.4395e+07
0.090923     0.00117998   -1.84     0.65    0.77     0.94     1.3240e+07
0.090923     0.00117998   -2.58     0.65    0.77     0.94     1.4609e+07
0.090923     0.00117998   -3.32     0.65    0.77     0.94     1.3790e+07
0.090923     0.00117998   -4.05     0.65    0.77     0.94     1.3085e+07
0.090923     0.00117998   -4.79     0.65    0.77     0.94     1.6983e+07
0.090923     0.00117998   -5.53     0.65    0.77     0.94     1.3117e+07
0.090923     0.00117998   -5.90     0.00    0.77     0.94     1.3008e+06
0.090923     0.00117998   -5.16     0.00    0.77     0.94     1.5732e+07
0.090923     0.00117998   -4.42     0.00    0.77     0.94     7.2727e+06
0.090923     0.00117998   -3.69     0.00    0.77     0.94     1.3813e+07
0.090923     0.00117998   -2.95     0.00    0.77     0.94     9.8788e+06
0.090923     0.00117998   -2.21     0.00    0.77     0.94     1.1985e+07
0.090923     0.00117998   -1.47     0.00    0.77     0.94     1.0816e+07
0.090923     0.00117998   -0.74     0.00    0.77     0.94     1.1689e+07
0.090923     0.00117998    0.00     0.00    0.77     0.94     1.1698e+07
0.090923     0.00117998    0.74     0.00    0.77     0.94     1.1694e+07
0.090923     0.00117998    1.47     0.00    0.77     0.94     1.0838e+07
0.090923     0.00117998    2.21     0.00    0.77     0.94     1.1916e+07
0.090923     0.00117998    2.95     0.00    0.77     0.94     9.9470e+06
0.090923     0.00117998    3.69     0.00    0.77     0.94     1.3613e+07
0.090923     0.00117998    4.42     0.00    0.77     0.94     7.1953e+06
0.090923     0.00117998    5.16     0.00    0.77     0.94     1.5773e+07
0.090923     0.00117998    5.90     0.00    0.77     0.94     1.3099e+06
0.090923     0.00117998    5.53    -0.65    0.77     0.94     1.2703e+07
0.090923     0.00117998    4.79    -0.65    0.77     0.94     1.0079e+07
0.090923     0.00117998    4.05    -0.65    0.77     0.94     1.2558e+07
0.090923     0.00117998    3.32    -0.65    0.77     0.94     9.0419e+06
0.090923     0.00117998    2.58    -0.65    0.77     0.94     1.2626e+07
0.090923     0.00117998    1.84    -0.65    0.77     0.94     9.8788e+06
0.090923     0.00117998    1.11    -0.65    0.77     0.94     1.1443e+07
0.090923     0.00117998    0.37    -0.65    0.77     0.94     1.0757e+07
0.090923     0.00117998   -0.37    -0.65    0.77     0.94     1.0761e+07
0.090923     0.00117998   -1.11    -0.65    0.77     0.94     1.1434e+07
0.090923     0.00117998   -1.84    -0.65    0.77     0.94     9.8788e+06
0.090923     0.00117998   -2.58    -0.65    0.77     0.94     1.2576e+07
0.090923     0.00117998   -3.32    -0.65    0.77     0.94     9.0829e+06
0.090923     0.00117998   -4.05    -0.65    0.77     0.94     1.2394e+07
0.090923     0.00117998   -4.79    -0.65    0.77     0.94     1.0097e+07
0.090923     0.00117998   -5.53    -0.65    0.77     0.94     1.2744e+07
0.090923     0.00117998   -5.90    -1.30    0.77     0.94     9.0965e+05
0.090923     0.00117998   -5.16    -1.30    0.77     0.94     1.9044e+07
0.090923     0.00117998   -4.42    -1.30    0.77     0.94     1.3913e+07
0.090923     0.00117998   -3.69    -1.30    0.77     0.94     1.5937e+07
0.090923     0.00117998   -2.95    -1.30    0.77     0.94     1.6101e+07
0.090923     0.00117998   -2.21    -1.30    0.77     0.94     1.4741e+07
0.090923     0.00117998   -1.47    -1.30    0.77     0.94     1.6096e+07
0.090923     0.00117998   -0.74    -1.30    0.77     0.94     1.5259e+07
0.090923     0.00117998    0.00    -1.30    0.77     0.94     1.5128e+07
0.090923     0.00117998    0.74    -1.30    0.77     0.94     1.5246e+07
0.090923     0.00117998    1.47    -1.30    0.77     0.94     1.6114e+07
0.090923     0.00117998    2.21    -1.30    0.77     0.94     1.4818e+07
0.090923     0.00117998    2.95    -1.30    0.77     0.94     1.6078e+07
0.090923     0.00117998    3.69    -1.30    0.77     0.94     1.5969e+07
0.090923     0.00117998    4.42    -1.30    0.77     0.94     1.3809e+07
0.090923     0.00117998    5.16    -1.30    0.77     0.94     1.9157e+07
0.090923     0.00117998    5.90    -1.30    0.77     0.94     9.0965e+05
0.090923     0.00117998    5.53    -1.94    0.77     0.94     1.4009e+06
0.090923     0.00117998    4.79    -1.94    0.77     0.94     7.0498e+06
0.090923     0.00117998    4.05    -1.94    0.77     0.94     7.6320e+06
0.090923     0.00117998    3.32    -1.94    0.77     0.94     6.7587e+06
0.090923     0.00117998    2.58    -1.94    0.77     0.94     7.6001e+06
0.090923     0.00117998    1.84    -1.94    0.77     0.94     6.9134e+06
0.090923     0.00117998    1.11    -1.94    0.77     0.94     7.3682e+06
0.090923     0.00117998    0.37    -1.94    0.77     0.94     7.0498e+06
0.090923     0.00117998   -0.37    -1.94    0.77     0.94     7.0453e+06
0.090923     0.00117998   -1.11    -1.94    0.77     0.94     7.3727e+06
0.090923     0.00117998   -1.84    -1.94    0.77     0.94     6.8906e+06
0.090923     0.00117998   -2.58    -1.94    0.77     0.94     7.6138e+06
0.090923     0.00117998   -3.32    -1.94    0.77     0.94     6.7360e+06
0.090923     0.00117998   -4.05    -1.94    0.77     0.94     7.6183e+06
0.090923     0.00117998   -4.79    -1.94    0.77     0.94     6.9224e+06
0.090923     0.00117998   -5.53    -1.94    0.77     0.94     1.3281e+06
0.087663     0.00117337   -5.28     1.33    0.79     0.96     3.4452e+06
0.087663     0.00117337   -4.53     1.33    0.79     0.96     7.4830e+06
0.087663     0.00117337   -3.77     1.33    0.79     0.96     7.6687e+06
0.087663     0.00117337   -3.02     1.33    0.79     0.96     7.5626e+06
0.087663     0.00117337   -2.26     1.33    0.79     0.96     7.8854e+06
0.087663     0.00117337   -1.51     1.33    0.79     0.96     7.5891e+06
0.087663     0.00117337   -0.75     1.33    0.79     0.96     7.7129e+06
0.087663     0.00117337   -0.00     1.33    0.79     0.96     7.9208e+06
0.087663     0.00117337    0.75     1.33    0.79     0.96     7.7572e+06
0.087663     0.00117337    1.51     1.33    0.79     0.96     7.6112e+06
0.087663     0.00117337    2.26     1.33    0.79     0.96     7.8810e+06
0.087663     0.00117337    3.02     1.33    0.79     0.96     7.6068e+06
0.087663     0.00117337    3.77     1.33    0.79     0.96     7.7970e+06
0.087663     0.00117337    4.53     1.33    0.79     0.96     7.4918e+06
0.087663     0.00117337    5.28     1.33    0.79     0.96     3.4496e+06
0.087663     0.00117337    5.66     0.66    0.79     0.96     6.5675e+06
0.087663     0.00117337    4.90     0.66    0.79     0.96     2.0830e+07
0.087663     0.00117337    4.15     0.66    0.79     0.96     1.0579e+07
0.087663     0.00117337    3.39     0.66    0.79     0.96     1.3219e+07
0.087663     0.00117337    2.64     0.66    0.79     0.96     1.3949e+07
0.087663     0.00117337    1.89     0.66    0.79     0.96     1.2688e+07
0.087663     0.00117337    1.13     0.66    0.79     0.96     1.3453e+07
0.087663     0.00117337    0.38     0.66    0.79     0.96     1.3453e+07
0.087663     0.00117337   -0.38     0.66    0.79     0.96     1.3427e+07
0.087663     0.00117337   -1.13     0.66    0.79     0.96     1.3405e+07
0.087663     0.00117337   -1.89     0.66    0.79     0.96     1.2790e+07
0.087663     0.00117337   -2.64     0.66    0.79     0.96     1.3993e+07
0.087663     0.00117337   -3.39     0.66    0.79     0.96     1.3223e+07
0.087663     0.00117337   -4.15     0.66    0.79     0.96     1.0707e+07
0.087663     0.00117337   -4.90     0.66    0.79     0.96     2.1047e+07
0.087663     0.00117337   -5.66     0.66    0.79     0.96     6.5852e+06
0.087663     0.00117337   -5.28     0.00    0.79     0.96     1.3675e+07
0.087663     0.00117337   -4.53     0.00    0.79     0.96     2.5474e+06
0.087663     0.00117337   -3.77     0.00    0.79     0.96     1.4170e+07
0.087663     0.00117337   -3.02     0.00    0.79     0.96     5.8953e+06
0.087663     0.00117337   -2.26     0.00    0.79     0.96     1.0565e+07
0.087663     0.00117337   -1.51     0.00    0.79     0.96     8.3807e+06
0.087663     0.00117337   -0.75     0.00    0.79     0.96     9.3493e+06
0.087663     0.00117337   -0.00     0.00    0.79     0.96     8.4559e+06
0.087663     0.00117337    0.75     0.00    0.79     0.96     9.3183e+06
0.087663     0.00117337    1.51     0.00    0.79     0.96     8.3852e+06
0.087663     0.00117337    2.26     0.00    0.79     0.96     1.0716e+07
0.087663     0.00117337    3.02     0.00    0.79     0.96     5.9351e+06
0.087663     0.00117337    3.77     0.00    0.79     0.96     1.4059e+07
0.087663     0.00117337    4.53     0.00    0.79     0.96     2.9012e+06
0.087663     0.00117337    5.28     0.00    0.79     0.96     1.3820e+07
0.087663     0.00117337    5.66    -0.66    0.79     0.96     6.3817e+06
0.087663     0.00117337    4.90    -0.66    0.79     0.96     1.3391e+07
0.087663     0.00117337    4.15    -0.66    0.79     0.96     8.1021e+06
0.087663     0.00117337    3.39    -0.66    0.79     0.96     1.1101e+07
0.087663     0.00117337    2.64    -0.66    0.79     0.96     9.4775e+06
0.087663     0.00117337    1.89    -0.66    0.79     0.96     1.0181e+07
0.087663     0.00117337    1.13    -0.66    0.79     0.96     9.6500e+06
0.087663     0.00117337    0.38    -0.66    0.79     0.96     9.9552e+06
0.087663     0.00117337   -0.38    -0.66    0.79     0.96     9.9154e+06
0.087663     0.00117337   -1.13    -0.66    0.79     0.96     9.6102e+06
0.087663     0.00117337   -1.89    -0.66    0.79     0.96     1.0225e+07
0.087663     0.00117337   -2.64    -0.66    0.79     0.96     9.5350e+06
0.087663     0.00117337   -3.39    -0.66    0.79     0.96     1.1052e+07
0.087663     0.00117337   -4.15    -0.66    0.79     0.96     8.0137e+06
0.087663     0.00117337   -4.90    -0.66    0.79     0.96     1.3847e+07
0.087663     0.00117337   -5.66    -0.66    0.79     0.96     6.4569e+06
0.087663     0.00117337   -5.28    -1.33    0.79     0.96     1.4254e+07
0.087663     0.00117337   -4.53    -1.33    0.79     0.96     1.4227e+07
0.087663     0.00117337   -3.77    -1.33    0.79     0.96     1.2578e+07
0.087663     0.00117337   -3.02    -1.33    0.79     0.96     1.2980e+07
0.087663     0.00117337   -2.26    -1.33    0.79     0.96     1.3573e+07
0.087663     0.00117337   -1.51    -1.33    0.79     0.96     1.2746e+07
0.087663     0.00117337   -0.75    -1.33    0.79     0.96     1.3263e+07
0.087663     0.00117337   -0.00    -1.33    0.79     0.96     1.3498e+07
0.087663     0.00117337    0.75    -1.33    0.79     0.96     1.3268e+07
0.087663     0.00117337    1.51    -1.33    0.79     0.96     1.2706e+07
0.087663     0.00117337    2.26    -1.33    0.79     0.96     1.3378e+07
0.087663     0.00117337    3.02    -1.33    0.79     0.96     1.2808e+07
0.087663     0.00117337    3.77    -1.33    0.79     0.96     1.2458e+07
0.087663     0.00117337    4.53    -1.33    0.79     0.96     1.3913e+07
0.087663     0.00117337    5.28    -1.33    0.79     0.96     1.4714e+07
0.087663     0.00117337    4.90    -1.99    0.79     0.96     4.0909e+06
0.087663     0.00117337    4.15    -1.99    0.79     0.96     4.1882e+06
0.087663     0.00117337    3.39    -1.99    0.79     0.96     4.0687e+06
0.087663     0.00117337    2.64    -1.99    0.79     0.96     4.4712e+06
0.087663     0.00117337    1.89    -1.99    0.79     0.96     4.1174e+06
0.087663     0.00117337    1.13    -1.99    0.79     0.96     4.3297e+06
0.087663     0.00117337    0.38    -1.99    0.79     0.96     4.2943e+06
0.087663     0.00117337   -0.38    -1.99    0.79     0.96     4.2722e+06
0.087663     0.00117337   -1.13    -1.99    0.79     0.96     4.3562e+06
0.087663     0.00117337   -1.89    -1.99    0.79     0.96     4.0997e+06
0.087663     0.00117337   -2.64    -1.99    0.79     0.96     4.5198e+06
0.087663     0.00117337   -3.39    -1.99    0.79     0.96     4.0024e+06
0.087663     0.00117337   -4.15    -1.99    0.79     0.96     4.1749e+06
0.087663     0.00117337   -4.90    -1.99    0.79     0.96     3.7945e+06
0.084428     0.00117647   -4.63     1.36    0.81     0.99     3.2701e+06
0.084428     0.00117647   -3.86     1.36    0.81     0.99     3.2055e+06
0.084428     0.00117647   -3.09     1.36    0.81     0.99     3.0334e+06
0.084428     0.00117647   -2.32     1.36    0.81     0.99     3.4852e+06
0.084428     0.00117647   -1.54     1.36    0.81     0.99     2.8957e+06
0.084428     0.00117647   -0.77     1.36    0.81     0.99     3.3518e+06
0.084428     0.00117647    0.00     1.36    0.81     0.99     2.9388e+06
0.084428     0.00117647    0.77     1.36    0.81     0.99     3.3389e+06
0.084428     0.00117647    1.54     1.36    0.81     0.99     2.8957e+06
0.084428     0.00117647    2.32     1.36    0.81     0.99     3.4121e+06
0.084428     0.00117647    3.09     1.36    0.81     0.99     3.0506e+06
0.084428     0.00117647    3.86     1.36    0.81     0.99     3.1152e+06
0.084428     0.00117647    4.63     1.36    0.81     0.99     3.4766e+06
0.084428     0.00117647    5.79     0.68    0.81     0.99     8.6055e+05
0.084428     0.00117647    5.02     0.68    0.81     0.99     1.8179e+07
0.084428     0.00117647    4.24     0.68    0.81     0.99     1.6940e+07
0.084428     0.00117647    3.47     0.68    0.81     0.99     1.5503e+07
0.084428     0.00117647    2.70     0.68    0.81     0.99     1.5834e+07
0.084428     0.00117647    1.93     0.68    0.81     0.99     1.5903e+07
0.084428     0.00117647    1.16     0.68    0.81     0.99     1.5300e+07
0.084428     0.00117647    0.39     0.68    0.81     0.99     1.5787e+07
0.084428     0.00117647   -0.39     0.68    0.81     0.99     1.5881e+07
0.084428     0.00117647   -1.16     0.68    0.81     0.99     1.5283e+07
0.084428     0.00117647   -1.93     0.68    0.81     0.99     1.5959e+07
0.084428     0.00117647   -2.70     0.68    0.81     0.99     1.5726e+07
0.084428     0.00117647   -3.47     0.68    0.81     0.99     1.5576e+07
0.084428     0.00117647   -4.24     0.68    0.81     0.99     1.7181e+07
0.084428     0.00117647   -5.02     0.68    0.81     0.99     1.8119e+07
0.084428     0.00117647   -5.79     0.68    0.81     0.99     8.6055e+05
0.084428     0.00117647   -5.40    -0.00    0.81     0.99     8.8077e+06
0.084428     0.00117647   -4.63    -0.00    0.81     0.99     9.7844e+06
0.084428     0.00117647   -3.86    -0.00    0.81     0.99     6.9876e+06
0.084428     0.00117647   -3.09    -0.00    0.81     0.99     9.4488e+06
0.084428     0.00117647   -2.32    -0.00    0.81     0.99     8.8120e+06
0.084428     0.00117647   -1.54    -0.00    0.81     0.99     8.2268e+06
0.084428     0.00117647   -0.77    -0.00    0.81     0.99     9.1949e+06
0.084428     0.00117647    0.00    -0.00    0.81     0.99     7.7707e+06
0.084428     0.00117647    0.77    -0.00    0.81     0.99     9.2423e+06
0.084428     0.00117647    1.54    -0.00    0.81     0.99     8.2612e+06
0.084428     0.00117647    2.32    -0.00    0.81     0.99     8.9368e+06
0.084428     0.00117647    3.09    -0.00    0.81     0.99     9.3412e+06
0.084428     0.00117647    3.86    -0.00    0.81     0.99     7.4136e+06
0.084428     0.00117647    4.63    -0.00    0.81     0.99     9.9006e+06
0.084428     0.00117647    5.40    -0.00    0.81     0.99     8.6786e+06
0.084428     0.00117647    5.79    -0.68    0.81     0.99     1.3252e+06
0.084428     0.00117647    5.02    -0.68    0.81     0.99     1.7706e+07
0.084428     0.00117647    4.24    -0.68    0.81     0.99     7.7234e+06
0.084428     0.00117647    3.47    -0.68    0.81     0.99     1.3579e+07
0.084428     0.00117647    2.70    -0.68    0.81     0.99     1.0142e+07
0.084428     0.00117647    1.93    -0.68    0.81     0.99     1.1927e+07
0.084428     0.00117647    1.16    -0.68    0.81     0.99     1.0658e+07
0.084428     0.00117647    0.39    -0.68    0.81     0.99     1.1101e+07
0.084428     0.00117647   -0.39    -0.68    0.81     0.99     1.1011e+07
0.084428     0.00117647   -1.16    -0.68    0.81     0.99     1.0770e+07
0.084428     0.00117647   -1.93    -0.68    0.81     0.99     1.2048e+07
0.084428     0.00117647   -2.70    -0.68    0.81     0.99     1.0542e+07
0.084428     0.00117647   -3.47    -0.68    0.81     0.99     1.3631e+07
0.084428     0.00117647   -4.24    -0.68    0.81     0.99     8.3860e+06
0.084428     0.00117647   -5.02    -0.68    0.81     0.99     1.7895e+07
0.084428     0.00117647   -5.79    -0.68    0.81     0.99     1.3166e+06
0.084428     0.00117647   -5.40    -1.36    0.81     0.99     5.7786e+06
0.084428     0.00117647   -4.63    -1.36    0.81     0.99     1.7405e+07
0.084428     0.00117647   -3.86    -1.36    0.81     0.99     1.3153e+07
0.084428     0.00117647   -3.09    -1.36    0.81     0.99     1.3265e+07
0.084428     0.00117647   -2.32    -1.36    0.81     0.99     1.4117e+07
0.084428     0.00117647   -1.54    -1.36    0.81     0.99     1.3842e+07
0.084428     0.00117647   -0.77    -1.36    0.81     0.99     1.4909e+07
0.084428     0.00117647    0.00    -1.36    0.81     0.99     1.4130e+07
0.084428     0.00117647    0.77    -1.36    0.81     0.99     1.4797e+07
0.084428     0.00117647    1.54    -1.36    0.81     0.99     1.4074e+07
0.084428     0.00117647    2.32    -1.36    0.81     0.99     1.4905e+07
0.084428     0.00117647    3.09    -1.36    0.81     0.99     1.3881e+07
0.084428     0.00117647    3.86    -1.36    0.81     0.99     1.3377e+07
0.084428     0.00117647    4.63    -1.36    0.81     0.99     1.8454e+07
0.084428     0.00117647    5.40    -1.36    0.81     0.99     6.4369e+06
0.084428     0.00117647    5.02    -2.04    0.81     0.99     8.6055e+05
0.084428     0.00117647    4.24    -2.04    0.81     0.99     1.1919e+06
0.084428     0.00117647    3.47    -2.04    0.81     0.99     1.5103e+06
0.084428     0.00117647    2.70    -2.04    0.81     0.99     1.3295e+06
0.084428     0.00117647    1.93    -2.04    0.81     0.99     1.4414e+06
0.084428     0.00117647    1.16    -2.04    0.81     0.99     1.4371e+06
0.084428     0.00117647    0.39    -2.04    0.81     0.99     1.4285e+06
0.084428     0.00117647   -0.39    -2.04    0.81     0.99     1.3726e+06
0.084428     0.00117647   -1.16    -2.04    0.81     0.99     1.4887e+06
0.084428     0.00117647   -1.93    -2.04    0.81     0.99     1.3511e+06
0.084428     0.00117647   -2.70    -2.04    0.81     0.99     1.3252e+06
0.084428     0.00117647   -3.47    -2.04    0.81     0.99     1.3597e+06
0.084428     0.00117647   -4.24    -2.04    0.81     0.99     1.0929e+06
