* Stopping power tables calculated with libdEdx, version 1.2.1-svn0
* by user bassler on host baslup.
* Date of this calculation: Wed May  3 16:17:47 2023
* Timestamp: 20230503_161747
* Target material id: 104
* Target material name: AIR
* Algorithm: DEDX_ICRU49 + DEDX_ICRU73 + DEDX_MSTAR for He-4 with E > 250 MeV
* Energy [MeV/nucleon] dE/dx [MeV cm2/g] for ions 1<=z<=18 
2.500E-02 5.526E+02 1.018E+03 2.062E+03 2.560E+03 2.959E+03 3.280E+03 3.554E+03 3.796E+03 4.002E+03 4.190E+03 4.337E+03 4.499E+03 4.647E+03 4.794E+03 4.946E+03 5.082E+03 5.242E+03 5.351E+03 
3.000E-02 5.905E+02 1.117E+03 2.238E+03 2.797E+03 3.253E+03 3.628E+03 3.946E+03 4.228E+03 4.467E+03 4.683E+03 4.854E+03 5.029E+03 5.193E+03 5.352E+03 5.515E+03 5.665E+03 5.836E+03 5.954E+03 
4.000E-02 6.483E+02 1.287E+03 2.532E+03 3.205E+03 3.766E+03 4.240E+03 4.645E+03 5.005E+03 5.312E+03 5.587E+03 5.813E+03 6.020E+03 6.215E+03 6.401E+03 6.588E+03 6.766E+03 6.957E+03 7.092E+03 
5.000E-02 6.877E+02 1.429E+03 2.764E+03 3.546E+03 4.204E+03 4.769E+03 5.254E+03 5.690E+03 6.064E+03 6.399E+03 6.684E+03 6.929E+03 7.160E+03 7.378E+03 7.595E+03 7.802E+03 8.015E+03 8.167E+03 
6.000E-02 7.132E+02 1.548E+03 2.943E+03 3.829E+03 4.582E+03 5.234E+03 5.796E+03 6.302E+03 6.739E+03 7.133E+03 7.477E+03 7.763E+03 8.035E+03 8.289E+03 8.539E+03 8.779E+03 9.017E+03 9.189E+03 
7.000E-02 7.278E+02 1.649E+03 3.077E+03 4.060E+03 4.905E+03 5.642E+03 6.280E+03 6.856E+03 7.354E+03 7.803E+03 8.206E+03 8.531E+03 8.846E+03 9.137E+03 9.422E+03 9.697E+03 9.963E+03 1.015E+04 
8.000E-02 7.341E+02 1.733E+03 3.176E+03 4.245E+03 5.178E+03 5.998E+03 6.712E+03 7.357E+03 7.915E+03 8.418E+03 8.878E+03 9.243E+03 9.599E+03 9.928E+03 1.024E+04 1.055E+04 1.085E+04 1.107E+04 
9.000E-02 7.340E+02 1.803E+03 3.247E+03 4.390E+03 5.404E+03 6.305E+03 7.094E+03 7.808E+03 8.427E+03 8.986E+03 9.502E+03 9.905E+03 1.030E+04 1.066E+04 1.102E+04 1.136E+04 1.169E+04 1.193E+04 
1.000E-01 7.290E+02 1.861E+03 3.296E+03 4.502E+03 5.588E+03 6.566E+03 7.428E+03 8.212E+03 8.892E+03 9.507E+03 1.008E+04 1.052E+04 1.096E+04 1.136E+04 1.175E+04 1.213E+04 1.248E+04 1.275E+04 
1.500E-01 6.672E+02 2.008E+03 3.354E+03 4.751E+03 6.086E+03 7.350E+03 8.517E+03 9.609E+03 1.058E+04 1.147E+04 1.234E+04 1.300E+04 1.365E+04 1.425E+04 1.483E+04 1.538E+04 1.589E+04 1.629E+04 
2.000E-01 5.922E+02 2.002E+03 3.282E+03 4.760E+03 6.216E+03 7.635E+03 8.989E+03 1.028E+04 1.147E+04 1.258E+04 1.371E+04 1.457E+04 1.545E+04 1.625E+04 1.704E+04 1.779E+04 1.848E+04 1.903E+04 
2.500E-01 5.278E+02 1.922E+03 3.176E+03 4.686E+03 6.203E+03 7.707E+03 9.172E+03 1.059E+04 1.191E+04 1.318E+04 1.450E+04 1.551E+04 1.657E+04 1.755E+04 1.851E+04 1.945E+04 2.031E+04 2.103E+04 
3.000E-01 4.763E+02 1.805E+03 3.061E+03 4.581E+03 6.130E+03 7.683E+03 9.216E+03 1.072E+04 1.213E+04 1.349E+04 1.494E+04 1.607E+04 1.725E+04 1.837E+04 1.948E+04 2.056E+04 2.157E+04 2.244E+04 
4.000E-01 4.012E+02 1.570E+03 2.839E+03 4.346E+03 5.915E+03 7.514E+03 9.119E+03 1.072E+04 1.223E+04 1.371E+04 1.533E+04 1.658E+04 1.793E+04 1.922E+04 2.053E+04 2.182E+04 2.304E+04 2.411E+04 
5.000E-01 3.498E+02 1.382E+03 2.639E+03 4.113E+03 5.676E+03 7.286E+03 8.923E+03 1.057E+04 1.213E+04 1.367E+04 1.540E+04 1.670E+04 1.816E+04 1.955E+04 2.099E+04 2.241E+04 2.377E+04 2.496E+04 
6.000E-01 3.121E+02 1.237E+03 2.461E+03 3.896E+03 5.439E+03 7.045E+03 8.692E+03 1.036E+04 1.195E+04 1.352E+04 1.533E+04 1.666E+04 1.817E+04 1.964E+04 2.116E+04 2.267E+04 2.411E+04 2.539E+04 
7.000E-01 2.824E+02 1.120E+03 2.305E+03 3.696E+03 5.212E+03 6.805E+03 8.451E+03 1.013E+04 1.173E+04 1.332E+04 1.518E+04 1.652E+04 1.808E+04 1.958E+04 2.117E+04 2.274E+04 2.425E+04 2.559E+04 
8.000E-01 2.587E+02 1.028E+03 2.167E+03 3.513E+03 4.998E+03 6.572E+03 8.210E+03 9.893E+03 1.150E+04 1.310E+04 1.498E+04 1.633E+04 1.791E+04 1.945E+04 2.108E+04 2.270E+04 2.425E+04 2.564E+04 
9.000E-01 2.391E+02 9.505E+02 2.044E+03 3.346E+03 4.799E+03 6.350E+03 7.974E+03 9.653E+03 1.125E+04 1.286E+04 1.477E+04 1.611E+04 1.771E+04 1.927E+04 2.093E+04 2.259E+04 2.418E+04 2.559E+04 
1.000E+00 2.227E+02 8.859E+02 1.933E+03 3.193E+03 4.612E+03 6.138E+03 7.746E+03 9.415E+03 1.101E+04 1.261E+04 1.454E+04 1.587E+04 1.749E+04 1.906E+04 2.075E+04 2.243E+04 2.405E+04 2.549E+04 
1.500E+00 1.682E+02 6.696E+02 1.523E+03 2.592E+03 3.848E+03 5.239E+03 6.741E+03 8.332E+03 9.875E+03 1.143E+04 1.338E+04 1.466E+04 1.628E+04 1.787E+04 1.960E+04 2.136E+04 2.304E+04 2.453E+04 
2.000E+00 1.370E+02 5.453E+02 1.257E+03 2.179E+03 3.292E+03 4.553E+03 5.941E+03 7.434E+03 8.901E+03 1.039E+04 1.230E+04 1.353E+04 1.512E+04 1.668E+04 1.841E+04 2.017E+04 2.186E+04 2.335E+04 
2.500E+00 1.164E+02 4.634E+02 1.072E+03 1.879E+03 2.872E+03 4.019E+03 5.298E+03 6.695E+03 8.082E+03 9.506E+03 1.134E+04 1.252E+04 1.407E+04 1.560E+04 1.729E+04 1.903E+04 2.070E+04 2.218E+04 
3.000E+00 1.017E+02 4.047E+02 9.372E+02 1.653E+03 2.547E+03 3.593E+03 4.775E+03 6.079E+03 7.389E+03 8.744E+03 1.051E+04 1.164E+04 1.314E+04 1.462E+04 1.628E+04 1.798E+04 1.962E+04 2.108E+04 
4.000E+00 8.192E+01 3.259E+02 7.520E+02 1.335E+03 2.076E+03 2.962E+03 3.979E+03 5.121E+03 6.291E+03 7.517E+03 9.131E+03 1.018E+04 1.157E+04 1.296E+04 1.453E+04 1.615E+04 1.771E+04 1.911E+04 
5.000E+00 6.905E+01 2.747E+02 6.313E+02 1.123E+03 1.755E+03 2.518E+03 3.407E+03 4.415E+03 5.466E+03 6.578E+03 8.049E+03 9.031E+03 1.032E+04 1.162E+04 1.309E+04 1.462E+04 1.611E+04 1.745E+04 
6.000E+00 5.994E+01 2.384E+02 5.463E+02 9.729E+02 1.522E+03 2.192E+03 2.978E+03 3.877E+03 4.828E+03 5.842E+03 7.183E+03 8.103E+03 9.310E+03 1.052E+04 1.190E+04 1.334E+04 1.475E+04 1.603E+04 
7.000E+00 5.312E+01 2.113E+02 4.831E+02 8.601E+02 1.347E+03 1.943E+03 2.646E+03 3.456E+03 4.321E+03 5.252E+03 6.477E+03 7.343E+03 8.470E+03 9.613E+03 1.090E+04 1.226E+04 1.360E+04 1.481E+04 
8.000E+00 4.781E+01 1.901E+02 4.341E+02 7.724E+02 1.210E+03 1.746E+03 2.382E+03 3.117E+03 3.910E+03 4.768E+03 5.894E+03 6.711E+03 7.765E+03 8.840E+03 1.005E+04 1.133E+04 1.260E+04 1.376E+04 
9.000E+00 4.355E+01 1.732E+02 3.949E+02 7.024E+02 1.100E+03 1.588E+03 2.168E+03 2.840E+03 3.572E+03 4.367E+03 5.404E+03 6.178E+03 7.166E+03 8.180E+03 9.324E+03 1.053E+04 1.173E+04 1.285E+04 
1.000E+01 4.004E+01 1.593E+02 3.627E+02 6.450E+02 1.009E+03 1.458E+03 1.990E+03 2.610E+03 3.288E+03 4.029E+03 4.988E+03 5.723E+03 6.653E+03 7.611E+03 8.690E+03 9.839E+03 1.098E+04 1.204E+04 
1.500E+01 2.892E+01 1.150E+02 2.614E+02 4.643E+02 7.256E+02 1.046E+03 1.427E+03 1.871E+03 2.368E+03 2.917E+03 3.605E+03 4.190E+03 4.903E+03 5.649E+03 6.484E+03 7.380E+03 8.287E+03 9.160E+03 
2.000E+01 2.293E+01 9.119E+01 2.070E+02 3.677E+02 5.742E+02 8.270E+02 1.126E+03 1.475E+03 1.868E+03 2.305E+03 2.836E+03 3.323E+03 3.898E+03 4.507E+03 5.182E+03 5.911E+03 6.658E+03 7.394E+03 
2.500E+01 1.914E+01 7.614E+01 1.728E+02 3.069E+02 4.792E+02 6.898E+02 9.392E+02 1.228E+03 1.555E+03 1.919E+03 2.352E+03 2.769E+03 3.251E+03 3.765E+03 4.332E+03 4.945E+03 5.579E+03 6.214E+03 
3.000E+01 1.652E+01 6.572E+01 1.491E+02 2.649E+02 4.136E+02 5.953E+02 8.101E+02 1.058E+03 1.340E+03 1.654E+03 2.020E+03 2.386E+03 2.802E+03 3.247E+03 3.737E+03 4.265E+03 4.816E+03 5.375E+03 
4.000E+01 1.312E+01 5.217E+01 1.183E+02 2.102E+02 3.284E+02 4.726E+02 6.429E+02 8.396E+02 1.062E+03 1.311E+03 1.594E+03 1.889E+03 2.219E+03 2.573E+03 2.959E+03 3.376E+03 3.814E+03 4.266E+03 
5.000E+01 1.098E+01 4.368E+01 9.907E+01 1.761E+02 2.750E+02 3.959E+02 5.386E+02 7.033E+02 8.898E+02 1.098E+03 1.332E+03 1.581E+03 1.856E+03 2.153E+03 2.474E+03 2.821E+03 3.187E+03 3.568E+03 
6.000E+01 9.514E+00 3.785E+01 8.583E+01 1.525E+02 2.383E+02 3.431E+02 4.669E+02 6.097E+02 7.713E+02 9.519E+02 1.153E+03 1.370E+03 1.608E+03 1.865E+03 2.143E+03 2.441E+03 2.758E+03 3.089E+03 
7.000E+01 8.440E+00 3.358E+01 7.614E+01 1.353E+02 2.115E+02 3.045E+02 4.144E+02 5.411E+02 6.847E+02 8.451E+02 1.023E+03 1.216E+03 1.427E+03 1.655E+03 1.901E+03 2.165E+03 2.446E+03 2.741E+03 
8.000E+01 7.618E+00 3.031E+01 6.873E+01 1.222E+02 1.910E+02 2.749E+02 3.742E+02 4.887E+02 6.184E+02 7.633E+02 9.240E+02 1.098E+03 1.289E+03 1.495E+03 1.717E+03 1.955E+03 2.208E+03 2.474E+03 
9.000E+01 6.968E+00 2.773E+01 6.287E+01 1.117E+02 1.747E+02 2.516E+02 3.424E+02 4.472E+02 5.660E+02 6.987E+02 8.456E+02 1.005E+03 1.180E+03 1.369E+03 1.571E+03 1.789E+03 2.020E+03 2.264E+03 
1.000E+02 6.441E+00 2.563E+01 5.811E+01 1.033E+02 1.615E+02 2.326E+02 3.166E+02 4.136E+02 5.234E+02 6.462E+02 7.821E+02 9.304E+02 1.092E+03 1.266E+03 1.454E+03 1.654E+03 1.868E+03 2.094E+03 
1.500E+02 4.815E+00 1.917E+01 4.346E+01 7.731E+01 1.208E+02 1.741E+02 2.370E+02 3.097E+02 3.921E+02 4.842E+02 5.860E+02 6.975E+02 8.188E+02 9.498E+02 1.090E+03 1.241E+03 1.401E+03 1.571E+03 
2.000E+02 3.975E+00 1.583E+01 3.589E+01 6.384E+01 9.982E+01 1.438E+02 1.958E+02 2.559E+02 3.240E+02 4.003E+02 4.845E+02 5.769E+02 6.773E+02 7.858E+02 9.024E+02 1.027E+03 1.159E+03 1.300E+03 
2.500E+02 3.462E+00 1.379E+01 3.127E+01 5.563E+01 8.698E+01 1.253E+02 1.707E+02 2.231E+02 2.827E+02 3.490E+02 4.225E+02 5.031E+02 5.908E+02 6.855E+02 7.873E+02 8.962E+02 1.012E+03 1.135E+03 
3.000E+02 3.117E+00 1.242E+01 2.816E+01 5.011E+01 7.835E+01 1.129E+02 1.538E+02 2.010E+02 2.545E+02 3.145E+02 3.808E+02 4.535E+02 5.325E+02 6.180E+02 7.099E+02 8.082E+02 9.129E+02 1.024E+03 
4.000E+02 2.686E+00 1.071E+01 2.428E+01 4.321E+01 6.757E+01 9.739E+01 1.326E+02 1.734E+02 2.196E+02 2.714E+02 3.286E+02 3.914E+02 4.597E+02 5.335E+02 6.129E+02 6.979E+02 7.885E+02 8.846E+02 
5.000E+02 2.431E+00 9.696E+00 2.199E+01 3.913E+01 6.119E+01 8.820E+01 1.201E+02 1.570E+02 1.989E+02 2.458E+02 2.977E+02 3.546E+02 4.165E+02 4.835E+02 5.555E+02 6.326E+02 7.147E+02 8.019E+02 
6.000E+02 2.265E+00 9.039E+00 2.050E+01 3.648E+01 5.705E+01 8.223E+01 1.120E+02 1.464E+02 1.855E+02 2.292E+02 2.776E+02 3.307E+02 3.885E+02 4.510E+02 5.181E+02 5.901E+02 6.667E+02 7.482E+02 
7.000E+02 2.151E+00 8.586E+00 1.947E+01 3.465E+01 5.420E+01 7.812E+01 1.064E+02 1.391E+02 1.762E+02 2.178E+02 2.638E+02 3.142E+02 3.691E+02 4.285E+02 4.924E+02 5.608E+02 6.336E+02 7.111E+02 
8.000E+02 2.069E+00 8.260E+00 1.873E+01 3.334E+01 5.215E+01 7.517E+01 1.024E+02 1.339E+02 1.696E+02 2.096E+02 2.538E+02 3.024E+02 3.552E+02 4.124E+02 4.739E+02 5.397E+02 6.099E+02 6.844E+02 
9.000E+02 2.008E+00 8.022E+00 1.819E+01 3.237E+01 5.064E+01 7.299E+01 9.945E+01 1.300E+02 1.647E+02 2.035E+02 2.465E+02 2.937E+02 3.450E+02 4.005E+02 4.602E+02 5.242E+02 5.923E+02 6.647E+02 
1.000E+03 1.962E+00 7.839E+00 1.778E+01 3.163E+01 4.948E+01 7.133E+01 9.718E+01 1.270E+02 1.609E+02 1.989E+02 2.409E+02 2.870E+02 3.372E+02 3.914E+02 4.498E+02 5.123E+02 5.789E+02 6.497E+02 
